5 5 5 5 8 5 5 0 10 8 
3 3 0 6 6 3 3 7 3 11 9 
2 0 2 5 3 2 8 6 8 11 9 
2 0 4 2 4 2 8 2 13 13 13 13 8 8 16 14 16 19 17 25 23 23 25 25 8 27 25 27 27 29 30 
7 1 2 5 3 7 0 7 
2 5 2 2 0 7 5 10 10 7 10 13 11 13 17 17 14 
2 5 4 2 0 5 
2 0 4 2 6 4 4 4 8 8 
4 4 4 0 4 7 4 4 10 8 
2 0 4 2 6 4 6 10 10 7 15 14 14 15 4 15 
5 5 5 5 7 5 0 10 10 7 
2 10 4 2 6 10 6 7 10 0 10 10 14 12 12 17 15 12 12 21 26 21 25 25 22 19 26 26 
2 0 5 5 2 2 8 9 2 11 9 11 14 12 14 17 15 
2 4 2 6 4 0 6 
4 4 4 9 4 9 9 9 0 11 9 
2 0 2 3 
3 1 5 3 0 7 5 
2 0 6 6 6 2 6 10 10 7 2 13 2 15 13 15 16 17 17 21 23 23 19 
5 5 5 5 0 8 8 5 5 11 9 
5 5 5 5 6 12 6 12 12 12 12 0 12 12 16 14 12 19 17 12 12 21 24 22 
4 4 4 0 6 4 6 9 7 4 10 4 14 17 14 15 12 17 18 
2 0 4 2 2 7 2 11 10 7 10 
2 0 4 2 2 2 8 6 2 11 2 13 11 13 16 13 18 2 21 21 18 2 2 23 27 27 24 27 28 29 30 
2 9 2 5 2 5 8 6 0 9 
4 1 2 0 6 4 
2 0 4 6 4 2 6 9 7 6 13 13 6 15 13 15 18 16 21 21 13 21 21 25 23 30 30 30 30 21 33 33 30 35 33 35 36 
2 0 4 2 6 4 8 6 8 11 9 2 14 12 18 18 18 2 18 21 18 18 26 26 26 22 18 27 30 28 27 33 31 33 36 34 39 39 18 41 39 44 44 47 47 47 41 47 47 51 49 
4 4 4 0 6 4 9 9 4 4 10 14 14 4 17 17 14 19 17 
2 0 7 7 7 7 2 7 7 9 10 7 16 16 16 7 16 20 20 16 2 
2 8 2 3 7 7 4 0 10 8 
0 1 1 1 4 
3 3 8 3 6 4 3 0 10 8 
2 0 6 6 6 2 6 9 6 11 9 11 15 15 12 17 9 
3 3 0 5 3 3 6 7 8 
7 1 7 5 3 7 0 7 8 12 12 9 12 16 16 13 16 17 21 21 16 23 12 25 23 23 29 29 26 35 35 35 35 35 23 38 38 35 38 41 39 
2 0 2 3 6 4 
2 3 6 5 3 0 6 
4 4 4 9 6 4 6 7 0 11 9 
2 3 0 5 3 5 6 3 10 8 3 13 3 15 13 15 15 
11 1 4 1 8 7 8 10 10 1 0 11 
2 0 2 5 3 23 12 9 23 12 12 9 12 12 16 14 12 19 17 19 20 23 2 23 26 24 28 26 
3 3 7 3 3 3 0 7 
3 3 0 6 6 3 
2 0 4 2 6 4 2 9 7 2 14 14 14 2 14 15 16 16 20 18 23 23 14 25 14 28 28 25 30 25 
3 3 9 3 6 9 9 9 0 9 10 11 9 15 13 9 18 9 18 21 18 25 25 25 18 27 25 25 25 18 33 33 18 33 37 37 34 39 40 37 
2 0 5 5 2 2 6 2 12 12 12 2 12 16 16 13 19 19 16 
2 6 2 3 4 0 8 6 11 11 6 11 12 17 17 17 13 17 21 21 18 
2 7 2 6 4 3 0 9 7 11 9 13 11 
4 4 4 9 8 8 8 4 0 9 
2 0 2 7 7 7 2 9 7 2 12 2 12 
3 3 14 6 6 3 3 7 14 11 9 14 14 0 16 14 14 19 14 22 22 19 
2 0 2 5 2 2 8 2 8 11 9 14 14 11 11 15 18 11 
2 3 0 6 6 3 8 6 8 12 12 9 6 15 6 15 15 19 17 19 22 20 
2 17 2 2 4 8 8 5 2 11 9 14 14 17 16 14 0 19 17 
2 4 2 0 4 
2 0 2 5 3 
4 4 4 7 6 4 0 9 7 
2 0 4 6 6 2 6 10 10 2 15 13 15 15 2 15 18 16 
17 1 1 5 1 5 9 9 6 11 1 13 11 11 16 11 0 19 17 
2 5 2 2 0 5 
2 4 2 0 6 4 
8 8 4 2 2 5 8 0 8 
2 0 5 5 2 5 8 6 5 13 13 13 5 13 17 17 14 17 18 2 23 23 2 23 
3 3 0 6 6 3 9 9 6 9 9 11 14 12 
3 3 10 3 4 9 8 9 5 0 12 10 
3 3 0 5 7 5 3 3 8 
2 3 0 5 3 8 8 5 
2 4 4 10 6 4 9 9 6 0 10 
2 6 5 5 2 0 8 6 
4 4 4 0 7 7 4 9 7 13 13 13 9 15 9 9 9 20 20 17 
3 3 0 3 3 5 9 9 3 9 12 9 9 13 
3 3 10 6 6 3 3 3 10 0 12 10 
2 3 6 3 3 0 8 6 
3 3 0 5 3 13 9 9 13 13 13 13 3 15 13 15 16 13 18 
2 8 2 5 3 7 5 0 8 
4 4 4 12 4 5 9 9 4 9 12 0 12 12 
6 4 4 1 4 0 8 6 
2 9 4 2 2 7 5 9 0 9 9 14 14 16 14 11 9 19 9 19 23 21 20 19 19 27 19 27 30 28 
2 0 2 3 7 5 4 4 10 8 2 11 14 12 12 
3 3 0 5 3 7 5 7 
2 0 5 5 2 5 8 6 11 11 2 11 14 11 16 14 
4 4 4 12 7 7 4 7 7 11 9 0 14 12 
4 4 4 5 0 7 5 
2 0 4 2 4 7 5 
3 3 12 6 6 3 6 9 7 12 12 0 15 15 12 12 12 19 20 12 20 
3 3 5 5 0 5 6 7 11 11 8 5 14 12 5 17 5 19 17 21 19 17 
2 8 4 6 4 2 2 0 10 8 8 13 8 15 13 17 19 17 15 21 13 21 24 22 24 25 13 29 13 31 29 29 32 
2 11 4 11 6 11 8 6 8 8 0 11 11 15 11 17 15 15 20 15 20 21 22 
2 0 2 5 2 7 5 
3 3 8 5 3 5 8 10 8 0 12 10 
3 3 0 6 6 3 9 9 6 9 14 14 14 16 14 9 
3 3 10 7 7 7 10 7 8 0 10 10 
3 3 7 7 4 7 0 9 7 11 9 
4 4 4 11 4 4 6 10 10 4 0 13 11 
4 4 4 5 0 5 
5 7 2 5 2 2 0 9 7 
2 5 4 2 0 5 
4 1 4 0 
3 3 7 3 6 4 0 9 7 7 7 14 14 11 14 
3 3 0 3 4 5 4 7 8 12 12 9 8 8 14 17 15 14 21 21 18 21 24 22 14 14 26 26 28 29 
3 3 8 5 3 7 5 0 10 8 
7 7 7 5 6 7 0 7 8 7 13 13 10 13 17 17 14 
2 7 4 2 2 5 0 7 
2 0 4 2 4 4 6 7 8 
8 8 8 8 6 7 8 0 8 9 8 11 
2 0 2 2 4 2 8 6 11 11 2 11 14 11 
5 5 5 5 12 7 5 7 11 11 8 0 14 12 
2 8 2 6 4 2 8 10 10 0 10 
2 0 2 5 2 5 6 7 7 11 9 
2 0 4 2 6 4 6 7 
4 1 4 0 8 8 8 4 8 9 8 15 15 15 11 15 16 16 18 19 23 23 19 
4 4 4 0 4 
3 3 5 3 0 7 5 
6 3 1 3 4 0 8 6 
2 0 4 2 6 2 9 9 6 9 12 10 9 28 17 17 9 17 18 21 19 21 22 17 26 28 28 17 28 28 32 30 32 33 34 
2 7 6 5 6 2 0 7 7 7 10 10 14 12 
8 3 4 8 6 4 8 17 10 8 12 8 12 12 17 17 25 20 20 22 22 17 22 25 0 29 29 29 25 29 29 
2 7 4 5 2 5 0 9 7 11 7 13 11 15 13 7 18 23 18 21 18 23 7 23 
8 1 1 1 6 1 8 0 
3 3 0 6 6 13 6 9 7 9 10 13 3 13 13 19 18 19 15 
5 5 5 5 0 5 8 6 5 16 12 10 16 16 16 17 5 17 
3 3 5 5 0 5 5 7 5 9 
2 3 0 3 3 5 8 3 3 11 9 3 14 3 20 18 18 20 20 14 
2 0 2 3 14 14 6 14 8 12 10 8 14 4 14 17 15 
3 3 0 3 3 7 5 3 10 12 12 3 14 12 
5 1 4 1 0 5 9 9 6 5 10 13 11 
3 3 4 0 6 4 4 9 7 12 12 9 7 15 13 15 18 16 20 15 20 23 21 
2 0 5 5 2 5 8 6 8 8 10 10 
2 3 0 3 6 3 
4 4 4 18 4 9 9 9 5 9 12 9 12 12 16 17 18 0 18 23 23 23 24 18 24 27 24 24 28 29 33 33 30 33 37 37 33 39 37 39 42 40 42 43 44 48 48 45 54 54 50 53 50 48 54 55 54 59 57 
2 3 0 5 3 3 3 9 7 9 13 13 9 9 18 18 18 14 
2 6 2 5 2 0 6 6 10 8 6 14 14 15 6 15 15 19 20 15 20 20 22 
3 3 10 3 6 4 10 9 7 0 13 13 10 
2 6 2 3 6 0 9 9 6 13 13 13 9 
3 3 0 5 3 
2 0 2 2 
2 7 2 6 6 3 0 10 10 7 10 13 11 19 14 17 19 19 10 
2 5 4 2 0 7 5 5 5 11 12 13 9 
2 12 2 2 8 8 8 4 11 11 8 0 14 12 
3 3 0 6 6 11 6 10 10 6 3 14 14 11 
2 3 0 3 
2 4 2 0 6 4 6 9 7 
2 0 2 2 4 7 5 7 10 8 4 11 15 15 12 
2 9 5 5 2 9 8 9 0 9 9 15 15 15 9 15 16 
2 0 6 6 6 2 6 9 6 2 12 13 2 13 13 19 19 19 22 19 20 13 22 26 26 23 26 29 27 
2 0 5 5 6 2 8 2 11 11 8 11 15 15 12 2 18 19 2 19 23 23 20 
5 1 1 1 0 7 5 
3 3 0 3 6 3 
2 4 4 0 6 4 
4 4 4 6 6 14 8 6 10 8 8 11 8 0 16 14 
0 3 1 6 6 3 
3 3 7 6 6 3 0 7 
3 3 0 3 4 7 5 7 10 7 4 13 3 
2 0 4 2 6 2 8 6 8 11 8 6 15 15 6 17 18 15 18 21 19 18 24 18 24 24 30 30 30 24 30 34 34 31 30 39 38 39 30 39 43 43 40 39 44 39 49 49 39 49 50 53 49 53 53 
4 4 4 22 4 5 6 7 4 11 9 11 12 15 13 18 18 22 20 18 18 0 22 
3 3 0 3 3 3 
2 0 2 5 2 5 9 9 6 
3 1 6 3 3 0 8 6 6 6 10 11 11 16 16 13 
4 4 4 5 0 5 
3 3 0 3 8 8 8 3 10 3 
2 0 2 2 6 4 6 7 
2 4 2 0 6 4 
4 3 4 0 4 4 6 7 
6 3 5 3 1 0 8 6 
3 3 9 3 3 9 9 9 0 9 
4 4 4 7 6 4 0 7 
3 3 0 3 3 3 3 3 10 8 3 11 11 11 11 17 15 21 20 21 17 
2 0 6 6 6 2 6 9 7 2 2 11 18 18 18 18 18 12 
2 0 4 2 2 2 2 7 7 13 12 13 9 7 16 14 16 19 17 23 23 23 16 23 26 24 26 27 
4 4 4 0 6 4 4 9 4 11 12 9 9 15 13 
4 4 4 5 0 5 
4 4 4 6 6 0 
3 3 0 5 3 3 8 6 3 9 3 3 12 15 13 15 18 16 
2 0 4 2 6 2 2 11 11 11 2 11 14 12 11 17 15 
2 0 4 2 4 5 
8 3 1 8 7 7 4 0 12 12 12 8 14 12 14 14 
2 0 2 5 2 5 9 9 6 5 5 11 11 
4 4 4 5 0 5 
8 4 4 1 4 4 8 0 8 12 12 8 12 12 
2 0 2 5 2 5 8 10 8 6 2 2 12 15 13 12 19 19 16 
9 4 4 1 6 9 6 7 0 9 13 13 10 
3 3 4 0 6 4 4 4 4 12 12 9 12 15 13 17 15 17 17 19 20 
3 3 7 3 6 7 0 9 7 11 9 7 7 13 14 20 20 20 20 15 13 21 22 25 21 25 25 25 28 25 30 30 35 35 32 32 39 39 36 
2 3 0 5 3 
3 3 7 3 6 4 0 7 11 11 8 7 14 12 12 17 15 12 20 12 22 20 24 22 24 25 29 29 26 31 33 33 29 33 37 37 34 24 24 42 42 39 
8 1 6 6 6 8 8 0 8 11 9 
2 4 4 8 6 4 4 0 8 
3 3 0 6 6 3 3 9 10 3 3 11 3 15 18 18 18 3 18 19 
3 3 9 5 3 5 6 5 0 9 
2 0 2 5 2 5 8 6 
11 11 5 5 11 5 8 6 8 9 17 13 11 13 14 17 0 
2 0 4 2 2 2 2 10 10 7 10 14 12 11 16 2 19 19 16 
11 3 1 6 6 3 8 6 10 11 0 13 14 11 16 14 18 21 18 19 11 21 21 26 26 23 21 43 30 28 32 30 32 35 33 32 39 37 36 41 43 43 21 43 
5 5 5 5 8 7 5 0 8 
5 5 5 5 10 5 8 5 10 0 
2 0 2 2 2 9 9 9 2 
2 0 4 2 9 7 4 9 7 11 9 2 2 13 16 13 18 16 21 21 16 23 21 
2 3 0 3 4 10 6 6 10 3 10 11 10 13 16 14 
2 0 4 2 6 4 6 
17 3 1 1 4 1 17 7 8 12 12 9 12 16 16 13 0 19 17 19 20 21 30 25 30 25 26 29 27 17 30 31 31 31 34 38 38 30 38 39 38 41 
2 0 5 5 2 5 6 7 7 
2 0 2 2 6 4 2 2 8 9 10 10 15 15 12 17 18 10 18 21 19 
2 4 4 0 4 4 8 6 8 11 9 
3 3 0 3 7 7 3 9 7 7 12 10 12 15 13 15 
0 1 1 3 7 5 4 3 3 13 13 13 9 
2 0 2 6 6 2 8 6 8 9 10 
2 0 7 7 7 7 2 2 10 25 10 11 10 16 16 10 16 17 16 22 22 19 22 23 2 27 25 27 30 28 
3 3 11 7 7 7 3 10 10 7 0 11 14 12 20 20 19 19 16 11 24 21 24 20 11 30 26 30 30 11 32 30 
8 3 1 3 6 4 6 0 10 8 10 11 12 12 10 17 10 17 20 18 17 23 17 23 26 24 
4 1 1 0 4 4 4 12 10 12 12 7 14 12 14 14 18 16 7 7 20 23 21 
2 3 0 3 3 3 6 
3 3 0 3 
2 0 2 6 6 3 2 2 8 8 14 14 14 10 8 8 18 16 
10 4 4 1 4 7 5 10 10 0 12 10 12 16 14 13 19 19 10 21 19 21 21 19 24 19 28 19 28 29 
5 3 1 5 0 7 5 7 10 8 5 11 5 16 16 5 19 19 16 19 19 24 24 21 19 27 25 19 30 34 33 33 34 19 34 38 38 34 38 
2 0 4 2 2 8 8 5 13 13 13 13 2 13 14 18 18 15 15 21 19 21 
3 3 4 0 4 5 8 6 4 9 13 13 10 4 14 17 15 
3 3 9 3 3 7 5 9 0 9 13 13 9 15 13 15 18 16 18 16 16 24 24 21 
4 1 1 5 0 
2 0 2 5 2 5 2 9 7 2 12 10 14 12 
2 0 2 2 6 2 6 7 6 11 9 15 15 15 6 17 15 17 18 15 20 21 
2 0 2 5 2 2 8 6 2 2 10 10 14 12 17 17 10 17 18 18 23 23 20 26 26 23 26 26 32 31 32 28 
4 4 4 5 0 10 6 10 10 5 5 11 11 11 16 14 18 16 18 19 20 
2 0 2 5 2 2 2 9 7 9 12 9 12 15 9 17 15 
3 3 0 3 6 3 3 7 10 3 10 10 10 15 10 
3 3 6 3 4 0 6 6 8 11 9 
2 3 0 5 3 3 11 7 10 8 3 
2 3 7 3 6 3 0 7 
2 0 2 5 3 5 8 6 3 11 9 
0 3 1 3 3 9 8 5 8 8 
4 4 4 0 6 4 
2 5 4 2 0 5 
4 4 4 0 4 
3 3 0 5 3 5 6 9 7 
2 0 6 6 6 2 8 6 8 
2 6 5 5 2 0 6 
3 3 0 3 3 
3 3 0 6 6 3 
2 0 2 2 7 7 4 2 10 2 10 10 10 13 13 17 15 
5 5 2 3 0 5 5 5 11 11 8 11 14 12 8 8 16 16 
2 0 2 5 3 5 8 6 
2 6 2 5 2 0 6 7 8 
2 0 4 5 2 
4 4 4 6 6 0 
2 0 2 3 2 2 6 10 10 7 10 13 11 
4 4 4 0 4 7 5 4 
2 0 2 2 10 7 10 9 10 4 10 14 14 11 14 18 18 14 
2 0 2 5 3 5 8 5 2 11 12 2 12 
4 4 4 18 4 7 5 9 10 4 10 14 14 11 14 15 18 0 20 18 18 
4 3 4 15 7 7 4 7 11 11 8 11 14 12 0 17 15 17 18 22 22 17 
2 0 2 3 9 9 8 9 2 9 2 15 14 15 20 15 16 16 20 2 20 23 20 23 24 24 24 27 31 31 28 
2 5 2 3 0 5 5 
3 3 4 0 4 
2 0 4 2 
2 0 4 2 4 
2 0 4 2 4 2 2 7 7 9 9 9 12 13 14 18 18 15 20 18 22 20 
2 5 4 2 0 5 5 9 7 5 5 11 
2 0 4 2 2 2 6 6 8 9 10 13 6 
2 0 2 2 9 7 9 9 2 9 12 10 
2 9 5 5 2 5 8 6 0 9 12 10 14 12 17 17 9 17 18 21 17 
2 11 5 5 2 5 9 9 6 11 0 14 14 11 11 11 21 21 20 18 11 21 24 21 
9 1 1 1 4 7 5 9 0 9 12 10 10 13 17 17 10 17 18 21 19 
2 12 4 2 6 4 9 9 6 6 10 0 14 12 14 18 18 15 21 21 14 21 22 23 
2 7 2 3 3 7 0 7 7 9 9 9 14 12 14 17 15 17 20 18 23 23 14 23 24 24 28 26 
2 0 2 5 3 7 5 2 2 9 9 9 14 12 14 15 16 17 24 24 24 24 24 18 
15 3 1 6 6 3 8 6 8 11 9 15 15 15 0 15 18 15 15 
10 4 4 1 4 5 6 6 10 0 10 10 
6 4 4 1 6 0 6 9 7 11 9 14 14 7 16 14 19 19 16 19 23 23 20 23 26 24 
3 3 0 5 3 3 3 7 11 11 8 
9 3 9 9 6 7 4 9 0 11 9 13 11 15 13 13 13 13 20 13 20 21 24 22 
2 0 4 2 2 2 8 6 
2 0 2 2 2 7 5 9 2 11 9 
2 3 0 3 3 7 10 7 8 3 12 10 12 12 
2 14 2 6 6 3 6 9 7 6 13 13 6 0 14 14 16 17 21 21 22 16 24 26 24 22 
3 3 0 5 3 8 8 3 8 12 12 8 12 13 16 12 3 19 3 19 19 23 21 
2 3 0 3 7 7 3 
7 5 5 5 1 5 0 7 7 9 
2 5 2 5 0 5 6 7 6 11 9 6 17 15 17 17 12 
5 5 5 5 12 7 5 7 7 9 12 0 12 13 13 17 12 19 17 17 17 23 21 25 23 25 28 26 26 29 30 30 12 35 36 12 36 40 40 37 40 43 40 43 40 45 46 47 50 48 
2 20 5 5 2 5 9 9 6 11 2 13 11 11 18 18 18 14 20 0 20 24 24 20 24 27 25 
3 3 4 0 4 4 6 6 8 6 12 10 12 15 13 
2 6 4 2 6 0 6 6 6 11 9 6 6 13 18 15 16 14 18 
2 0 5 5 2 
2 0 2 2 4 5 8 6 8 9 14 13 14 2 14 15 2 19 2 21 26 21 24 22 26 19 28 26 
2 3 0 3 
2 0 5 5 2 
2 0 4 7 7 7 2 2 10 2 12 10 12 15 13 
2 0 5 5 2 7 5 
2 7 2 6 6 3 0 7 7 11 9 
0 1 5 5 1 7 1 1 1 12 12 9 15 15 9 
4 4 4 5 0 5 6 
2 10 5 5 2 2 8 2 10 0 10 13 10 
5 5 2 5 0 5 8 5 5 5 13 13 10 10 16 18 16 14 10 10 20 20 24 22 20 27 25 27 31 29 28 
2 0 4 2 4 5 
2 3 0 3 4 7 5 3 3 12 12 9 9 15 13 
18 3 18 5 7 5 18 10 10 7 10 13 11 13 16 14 18 0 20 18 18 21 25 25 22 25 29 27 26 18 18 31 34 31 36 34 36 36 38 39 42 40 
2 0 6 6 6 2 
5 5 2 5 0 5 6 9 5 12 12 9 5 19 14 18 18 15 5 19 19 23 21 
5 3 1 5 0 5 5 10 10 5 10 13 11 
4 4 4 0 4 4 8 6 4 11 4 11 11 11 14 17 15 
6 4 4 6 6 9 6 9 0 11 9 13 11 13 13 13 18 16 
2 6 2 2 2 0 8 10 8 6 
3 3 9 3 3 7 5 9 0 11 9 9 12 13 9 9 18 16 
2 0 2 5 3 2 12 12 8 11 8 6 2 16 16 13 16 19 17 2 23 23 2 23 23 23 26 29 27 29 32 30 26 26 36 34 34 34 34 
5 4 4 5 9 5 5 9 0 11 9 9 15 15 9 
14 1 5 5 2 5 9 9 6 12 12 14 14 0 
2 0 6 6 6 2 8 6 10 8 
2 0 2 2 6 4 
2 0 2 2 7 7 4 9 2 
2 0 4 2 7 7 4 4 8 9 13 11 10 15 2 15 
2 0 2 5 2 5 6 5 10 8 5 5 14 12 12 15 21 20 20 21 12 21 25 25 22 
2 5 4 2 8 5 8 0 8 11 8 8 
4 4 4 0 6 4 6 
2 0 2 3 3 7 2 10 10 7 7 13 11 
3 3 4 0 4 4 
5 5 5 5 29 5 8 5 10 8 13 13 8 18 18 15 15 13 13 19 20 23 21 23 24 28 28 29 0 29 30 33 31 33 34 37 30 
3 3 4 0 4 
4 4 4 8 8 8 8 0 10 8 10 13 10 15 13 
2 3 0 6 6 3 
0 1 4 2 
2 0 2 2 2 5 2 2 11 11 8 
2 9 9 5 3 7 5 9 0 9 9 9 14 12 14 17 15 9 9 19 22 20 22 23 24 29 29 29 25 
3 3 6 3 6 0 
4 4 4 0 
0 1 2 1 6 4 1 9 7 
2 0 4 2 2 7 5 2 2 9 12 9 12 13 16 12 19 19 16 19 20 25 22 23 19 25 28 26 25 31 29 33 25 36 34 33 
3 1 0 3 
5 5 5 5 0 5 8 5 8 11 8 8 14 12 12 12 18 16 21 21 16 21 22 25 23 25 26 29 27 25 
2 0 2 2 4 2 9 9 10 2 10 11 14 10 
2 7 4 2 7 7 0 7 11 11 8 
2 6 4 2 6 0 8 9 6 9 10 6 20 16 16 13 16 16 20 6 20 25 24 21 24 24 28 26 
26 4 4 26 4 7 26 7 8 26 12 10 10 10 16 14 16 19 17 19 22 20 25 25 26 0 28 26 26 31 29 26 26 35 33 33 38 36 40 33 42 40 42 43 47 47 42 49 47 52 50 49 57 57 57 57 47 57 57 59 
2 5 4 5 0 7 5 10 10 7 15 14 14 15 10 17 15 
0 3 1 3 6 3 8 10 10 6 10 13 11 16 16 13 16 19 17 19 22 20 22 23 
2 6 5 5 6 0 
4 4 4 0 4 7 5 4 10 4 12 10 12 12 12 19 16 16 15 
3 3 4 0 
4 1 1 0 4 
4 4 4 9 7 5 4 9 0 9 9 11 
2 3 0 3 
2 0 4 2 4 4 6 9 6 
5 1 5 5 0 5 5 5 8 8 10 13 11 8 16 14 16 19 17 
3 3 0 3 7 7 4 9 17 9 12 17 12 13 14 17 3 17 20 18 
2 0 4 2 2 7 2 7 7 7 12 10 
5 3 1 5 0 5 6 5 8 11 15 11 14 12 5 15 18 16 
3 3 7 3 7 7 0 7 7 
0 4 4 1 6 4 8 6 
4 4 4 0 4 8 8 4 8 8 12 10 12 13 
2 0 4 2 2 2 6 6 8 6 
2 0 2 6 6 2 8 6 6 12 12 6 12 15 13 
2 0 5 5 2 8 8 5 10 11 2 
2 0 2 2 6 2 6 
3 1 4 0 4 4 6 7 8 4 12 4 12 15 12 
2 0 4 2 4 4 4 7 
2 0 4 2 6 4 
3 3 0 3 6 3 6 10 10 3 
3 3 0 3 3 3 6 7 
2 0 2 6 6 2 2 
2 0 2 2 6 4 9 9 6 6 10 
5 5 5 5 0 5 5 9 7 
3 3 4 0 4 4 9 9 6 
2 0 2 2 4 2 9 9 14 12 12 9 14 2 14 15 19 19 15 21 19 21 
5 3 1 3 0 5 
2 0 4 2 4 4 4 9 7 9 12 10 
3 3 8 5 3 8 8 0 10 8 8 11 8 8 17 17 14 14 20 18 20 23 21 
2 0 2 2 8 7 8 4 
3 3 0 5 3 5 8 6 3 9 15 15 12 12 10 
3 3 9 3 7 5 4 9 0 9 9 11 12 13 9 17 9 19 17 17 20 
3 3 5 5 0 5 5 10 10 7 10 13 11 5 23 18 18 15 18 21 19 23 5 25 23 
2 0 4 2 4 4 4 7 7 11 9 
3 3 8 3 4 7 5 0 8 
2 0 4 2 7 7 4 7 
3 3 4 0 4 
2 0 2 2 4 4 8 6 8 11 9 
2 0 4 2 4 2 9 9 2 9 9 13 11 
4 4 4 5 9 5 9 9 0 9 12 10 9 
2 9 2 5 2 1 6 6 0 9 
2 0 4 2 2 2 8 6 2 2 10 14 14 11 
5 5 2 5 0 7 5 5 5 9 
2 0 5 5 2 2 6 6 10 8 10 13 11 
2 9 2 5 2 7 9 9 0 
6 1 4 1 1 0 6 
2 0 5 5 2 2 8 2 8 8 8 14 14 11 14 15 
2 0 5 5 2 2 10 10 10 6 2 13 2 16 16 13 16 19 17 19 22 20 
2 0 2 5 3 2 8 6 
3 3 4 0 4 4 6 4 10 8 12 4 12 15 17 17 12 
3 1 0 3 3 5 8 6 5 12 12 9 
2 0 2 3 4 2 6 10 10 7 10 13 11 17 17 17 18 2 18 18 20 
2 0 4 2 4 4 6 
3 3 0 3 6 4 10 10 10 18 12 10 12 15 18 15 18 3 20 18 20 
4 4 4 6 4 24 6 6 8 8 15 15 15 15 10 18 18 24 18 19 24 24 24 0 24 25 
3 3 0 5 3 5 5 7 
2 0 2 6 6 2 9 9 2 2 2 11 11 15 13 
3 3 4 0 4 
2 0 4 2 2 8 8 5 
2 0 2 3 2 
2 5 4 2 0 5 5 9 7 
3 3 0 3 7 7 3 10 10 7 10 13 11 15 13 15 18 16 21 21 23 23 11 25 23 
2 5 2 5 0 5 6 
3 3 4 0 4 
4 4 4 0 6 4 
2 0 2 3 
2 0 5 5 6 2 9 9 6 6 12 10 12 15 13 15 19 19 16 2 24 24 24 2 24 25 
4 4 4 0 6 4 6 6 
2 0 5 5 2 
2 0 2 2 6 4 
3 3 0 3 4 5 
2 6 2 2 6 0 6 6 10 8 6 6 6 15 13 17 15 15 18 18 22 20 29 29 29 29 29 29 15 
2 3 0 3 3 7 3 7 7 7 12 10 7 15 13 15 16 13 23 19 23 23 18 
2 0 2 3 6 3 3 3 8 11 2 11 11 13 13 17 15 11 11 19 
2 0 4 2 8 8 8 2 11 11 8 16 14 16 16 8 16 17 20 16 20 24 24 21 24 27 25 16 30 28 34 34 34 30 
2 0 4 2 7 7 4 
2 0 2 3 2 2 9 9 2 11 9 11 12 11 14 17 15 
2 0 2 2 6 4 2 2 8 8 10 8 15 15 12 17 15 17 21 21 18 17 24 22 
2 0 4 2 6 2 2 9 7 
2 0 2 3 6 4 2 2 8 8 10 14 14 10 14 17 15 
5 1 1 5 0 5 6 
0 1 1 9 6 3 9 9 6 
2 0 2 2 6 2 6 
2 0 5 5 2 5 8 5 8 11 8 11 11 11 14 14 18 16 
2 0 4 2 
2 0 2 3 6 4 2 2 8 8 10 8 14 12 14 15 18 16 
3 3 8 5 3 5 8 0 
2 0 5 5 2 7 5 7 10 2 2 14 14 2 2 17 2 19 17 19 19 
2 4 2 0 4 4 4 9 7 9 10 11 9 15 13 9 19 19 16 
2 0 2 3 2 7 5 7 10 8 2 13 2 15 13 15 16 20 20 15 20 23 21 20 26 24 26 27 24 29 24 33 31 
5 4 2 5 0 7 5 
3 3 7 7 7 7 0 7 7 9 7 
4 4 4 8 6 4 6 0 8 
4 4 4 0 4 4 6 
3 3 5 5 0 
2 7 2 5 3 7 0 7 8 13 13 13 7 13 14 13 16 19 17 16 16 21 24 21 24 
2 0 2 5 3 2 12 7 8 8 10 2 14 12 12 12 18 16 
2 0 2 2 6 4 2 9 2 9 13 13 14 9 14 17 15 14 20 18 20 21 
2 6 4 2 6 0 9 7 6 
3 3 11 3 4 7 9 7 5 11 0 11 14 12 11 17 15 22 22 22 22 17 22 23 11 11 26 26 30 28 
2 0 4 2 2 7 5 
3 3 9 3 4 5 8 5 0 12 12 9 
9 1 5 5 9 5 5 9 0 9 9 20 15 15 12 15 16 17 18 9 23 23 20 26 26 23 26 29 27 31 29 31 35 35 32 
6 6 4 2 6 0 8 6 6 12 12 16 12 15 13 6 16 17 17 17 23 23 20 
2 0 4 2 2 2 8 6 2 11 12 9 
4 4 4 0 4 4 8 6 4 12 12 9 
3 3 0 3 3 8 8 5 3 9 3 3 14 12 14 17 15 
2 4 4 0 4 8 8 4 8 11 9 4 12 
3 3 17 5 3 3 8 6 3 9 12 10 12 16 16 17 0 17 17 
2 3 0 3 
2 4 2 6 4 0 9 7 6 
4 4 4 0 6 4 6 
6 6 6 5 6 0 6 
4 4 4 0 4 5 
2 4 2 0 4 
2 0 5 5 2 2 2 9 7 2 2 11 11 17 17 17 13 17 20 18 
3 3 0 3 3 7 5 3 12 12 12 3 12 
3 3 4 0 4 
4 4 4 0 6 4 6 
4 1 4 0 
3 3 9 3 6 4 4 7 0 11 9 
0 1 2 1 8 7 8 1 10 8 
3 3 11 6 6 3 6 9 7 9 0 11 
7 7 2 2 6 4 0 7 10 8 
0 1 1 5 3 7 5 5 10 8 1 14 14 1 14 15 14 
2 6 2 6 6 0 8 6 8 
2 5 2 3 0 7 5 
3 3 0 5 3 
4 4 4 18 4 4 6 4 11 11 4 13 11 13 13 18 18 0 
3 3 4 0 4 4 8 6 
3 3 0 3 4 5 
5 5 5 5 9 9 8 9 0 9 12 9 12 
3 1 0 3 3 5 3 7 
2 0 4 2 2 7 5 2 2 11 9 13 11 11 11 17 15 17 20 18 
2 5 4 2 0 7 5 
4 4 4 0 4 4 8 6 
2 7 5 5 2 7 0 10 10 7 13 13 10 
2 0 2 2 2 7 2 9 7 
2 0 2 5 2 2 9 9 6 6 6 13 11 
3 3 0 6 4 3 6 7 6 12 12 9 
2 3 0 5 3 7 3 9 7 11 3 17 14 17 17 17 11 17 20 18 25 25 25 25 20 27 25 
3 3 4 0 4 
