2 7 2 3 6 7 0 7 10 7 10 
2 0 4 2 4 4 6 
2 7 2 5 3 7 0 7 10 8 12 10 14 12 14 18 18 14 
2 0 2 2 7 5 8 2 8 9 10 8 12 15 13 17 15 19 17 17 
2 3 0 5 3 5 9 9 6 
4 4 4 0 6 4 9 9 6 9 13 13 10 16 16 9 18 16 16 22 22 19 
5 5 5 5 0 5 8 5 11 11 8 8 15 15 12 15 16 15 20 18 
7 3 7 3 6 4 0 7 10 8 7 14 14 17 17 17 7 17 17 21 23 23 17 23 
4 4 4 0 4 7 4 7 11 11 7 13 11 13 17 17 14 
2 0 4 2 4 
2 4 4 0 
4 4 4 0 4 
4 1 1 0 4 4 10 10 10 6 12 13 10 
2 0 5 5 2 8 8 5 11 11 8 15 15 15 11 18 18 15 18 21 18 
8 3 8 8 7 7 8 0 8 8 13 13 10 8 17 17 8 20 20 17 20 21 17 26 26 23 26 29 27 17 17 31 31 36 36 33 
2 7 2 6 4 3 0 7 7 9 12 10 14 12 14 
2 0 4 2 7 7 4 7 
5 5 5 5 0 5 10 7 10 5 10 13 11 16 16 13 18 16 
6 6 6 6 6 18 11 10 8 11 6 15 14 15 11 18 18 0 18 21 19 21 24 22 26 24 26 27 26 32 32 29 24 36 36 33 40 40 40 24 40 46 46 45 46 48 48 41 48 48 50 48 55 55 52 55 58 60 58 48 60 61 65 65 48 67 70 67 70 65 
3 3 0 3 6 8 6 3 
3 3 0 5 3 3 9 9 6 2 10 10 
2 4 4 0 4 5 6 6 
7 7 2 3 6 4 0 9 7 7 12 7 7 15 7 15 18 16 
2 0 5 5 2 2 6 
3 3 0 7 6 7 3 7 11 11 8 7 21 21 21 21 21 21 21 21 3 
0 1 1 3 4 12 6 9 12 12 12 5 12 15 12 1 16 19 16 16 16 21 24 22 
2 5 2 3 0 8 8 5 5 12 12 9 9 15 13 13 18 16 16 21 22 26 25 25 26 19 19 19 28 28 28 34 34 31 
3 3 4 0 4 7 5 5 5 11 9 11 15 15 11 
2 12 6 6 6 2 8 2 2 9 12 0 14 12 12 18 18 15 12 22 22 12 22 25 22 22 26 
2 5 2 2 0 7 5 7 8 
2 4 4 8 7 7 8 0 8 
2 5 4 2 12 5 6 7 11 11 12 0 14 12 14 17 15 20 20 12 22 20 22 23 
2 5 5 5 0 8 8 5 8 
3 3 11 3 3 5 5 7 7 11 0 11 14 12 14 15 14 19 20 17 
2 3 27 3 6 3 8 6 10 11 27 11 15 15 11 15 18 27 18 18 22 27 22 26 26 23 0 29 27 29 35 31 31 35 30 27 36 
5 5 5 5 0 
2 0 5 5 2 7 5 
2 18 4 2 4 9 9 9 5 9 12 10 9 15 13 17 18 0 18 18 23 23 20 
2 0 6 6 6 2 8 6 2 12 12 2 14 20 14 17 15 17 20 12 20 21 21 20 26 24 24 29 27 24 24 33 31 31 37 37 34 39 31 39 
3 3 7 7 6 7 0 7 7 11 7 13 11 17 17 17 11 17 20 17 11 24 24 11 24 27 25 27 31 31 28 24 34 32 34 39 39 39 35 
2 4 4 0 4 4 8 6 8 8 4 4 14 12 14 27 20 19 20 27 20 23 21 25 27 25 14 29 27 
2 14 5 5 6 7 2 7 7 9 14 14 14 0 17 17 14 17 17 17 22 17 22 26 26 23 
2 8 2 7 4 7 3 31 8 13 13 13 2 15 13 13 18 16 27 27 24 24 24 20 24 27 18 27 28 31 0 31 
2 0 6 5 6 2 2 9 11 9 12 2 15 15 16 12 19 19 16 19 22 20 
5 5 5 5 0 5 9 9 5 12 12 9 9 16 16 13 5 19 30 23 22 23 30 23 23 27 25 29 30 5 34 34 34 30 34 39 39 39 34 
4 3 4 29 4 8 8 4 4 4 12 10 12 12 16 14 29 19 17 21 29 23 21 23 27 27 24 29 0 
2 0 4 2 4 8 6 5 10 8 10 11 14 10 17 17 14 20 20 17 22 20 20 25 23 
4 4 4 28 4 4 8 6 8 11 9 11 11 15 4 15 16 17 21 21 4 21 21 25 23 27 28 0 28 29 29 33 34 28 34 37 38 34 38 
2 3 0 3 6 3 6 
2 3 0 3 6 3 6 
2 3 0 3 6 3 6 
2 0 4 2 
2 0 4 2 2 5 2 9 2 9 10 11 11 13 16 9 16 17 22 21 22 18 22 25 26 27 22 29 16 29 30 33 31 31 31 37 46 37 38 37 43 43 40 43 44 35 46 47 48 
3 3 0 3 8 8 8 4 8 11 9 15 15 15 11 15 15 17 20 18 20 21 25 25 22 25 25 34 34 29 30 31 34 15 34 35 36 8 41 41 38 47 47 47 47 47 41 50 50 47 52 50 52 50 57 57 54 57 60 58 65 65 62 62 50 65 66 65 70 68 74 74 72 70 70 70 78 70 78 79 80 81 87 87 87 87 78 89 87 89 92 90 89 96 96 89 96 97 98 99 102 100 
2 7 2 5 3 7 0 
8 3 1 3 6 4 8 0 10 8 8 8 16 16 16 12 12 17 
2 11 6 6 6 2 6 11 11 11 0 
2 0 5 5 2 5 8 6 2 2 14 14 14 10 14 14 18 16 14 
4 4 4 0 6 4 11 7 11 11 6 13 11 
4 4 4 0 6 4 4 7 8 9 4 14 14 4 17 17 14 14 20 18 
2 3 0 5 3 3 9 9 6 6 
2 28 2 6 6 3 8 2 10 8 10 13 11 8 16 14 22 22 21 21 18 16 22 23 24 28 28 0 28 28 
2 10 10 3 7 5 4 4 10 0 13 13 10 10 
2 0 4 2 4 7 5 2 10 2 10 13 14 11 10 18 16 15 
2 0 2 3 3 2 8 6 2 2 10 11 
3 3 7 7 7 7 0 10 10 7 
2 0 4 2 7 7 2 9 7 9 12 10 20 17 17 17 9 17 20 17 
4 4 4 0 4 4 4 7 4 13 13 13 4 15 13 17 18 15 
2 0 2 2 
14 1 6 6 6 1 6 9 6 11 9 13 14 0 
2 0 4 2 2 8 8 5 8 9 5 5 16 15 16 12 18 16 18 18 20 
6 3 6 3 3 0 6 10 10 6 10 10 14 12 10 17 15 19 17 19 20 21 22 19 19 25 25 29 27 
3 3 26 3 6 4 10 10 10 13 13 13 6 13 13 13 16 13 18 22 22 19 22 25 23 0 26 26 26 31 29 31 31 29 36 34 29 39 37 29 46 46 44 46 46 29 46 50 50 47 52 46 
2 3 0 3 
14 4 4 1 14 7 5 7 10 8 12 14 14 0 17 17 14 14 20 14 23 23 20 20 26 24 37 27 30 37 30 33 31 33 33 37 26 20 40 38 38 38 44 42 42 47 45 42 48 
3 3 5 5 11 5 6 9 11 11 0 11 11 13 16 14 
2 19 2 5 3 11 8 11 8 8 5 11 15 15 12 15 18 16 0 21 22 19 25 25 19 
6 1 1 1 4 7 0 10 10 7 13 13 10 17 14 17 13 19 20 17 22 17 31 26 26 31 26 27 28 28 22 31 34 32 
3 3 12 3 6 4 6 11 11 11 7 0 12 12 17 17 14 17 17 21 13 21 29 26 26 28 26 29 21 12 34 34 34 53 38 38 38 34 40 38 38 44 44 41 38 45 46 47 47 46 52 50 12 53 56 58 56 53 53 61 59 69 65 65 69 65 68 65 53 69 72 69 74 72 
0 1 1 1 
4 4 4 0 
8 5 5 5 8 8 8 33 11 11 13 11 8 8 16 14 16 19 17 19 20 23 33 23 27 27 24 33 33 33 33 33 0 33 36 34 
2 0 4 2 2 7 5 7 8 13 12 13 7 13 14 13 18 16 16 21 19 21 24 25 26 21 
11 1 4 11 4 5 6 10 10 6 0 
6 4 4 1 6 0 6 9 7 6 12 6 14 12 12 18 18 15 18 21 19 24 24 18 26 24 24 24 24 29 32 29 
2 3 0 3 
2 3 0 6 6 3 8 10 10 6 
2 3 0 6 6 3 3 9 3 9 9 13 11 
2 4 4 0 4 7 5 4 10 29 29 14 14 19 14 18 18 15 11 19 22 20 25 25 19 28 28 25 4 29 32 30 32 33 32 37 35 37 40 38 40 41 44 29 29 45 46 49 47 51 49 29 54 29 54 54 58 56 60 54 64 64 64 60 66 54 66 69 67 
2 0 5 5 2 5 10 10 10 6 2 13 2 16 16 13 13 13 20 18 20 23 21 18 26 27 24 2 28 28 30 
2 0 2 3 8 8 8 4 8 12 12 9 
2 0 5 5 2 5 6 5 11 11 8 11 12 13 16 13 19 19 5 21 22 19 24 22 29 29 29 29 19 29 34 34 34 30 34 38 38 34 41 41 38 34 42 43 44 44 44 49 47 34 34 53 51 53 53 
2 0 2 3 2 2 2 7 11 11 7 11 12 11 14 18 18 21 21 21 11 21 21 23 
2 3 0 5 3 15 8 15 10 8 13 13 10 15 5 17 15 17 20 18 
2 6 2 2 6 0 6 11 11 11 7 11 14 12 17 17 6 25 25 21 25 21 24 22 17 25 28 26 25 31 29 
3 3 0 5 3 8 8 3 8 11 9 9 12 15 13 15 18 16 8 22 22 19 24 22 
2 0 2 5 2 9 9 9 24 9 9 11 11 9 17 17 14 17 20 18 24 24 24 2 26 24 26 30 30 27 30 26 32 26 36 34 36 39 37 39 40 43 26 45 43 48 48 45 50 43 50 51 51 
0 5 5 5 1 5 6 12 12 12 12 5 14 12 12 15 12 20 20 17 20 24 24 27 24 27 21 29 20 
3 3 0 5 6 3 6 7 11 11 6 14 14 6 26 26 26 19 17 17 22 20 22 25 23 14 26 29 27 26 32 30 35 35 32 35 36 40 40 35 40 44 42 40 
2 0 2 2 6 4 14 10 10 14 10 13 11 2 2 2 19 19 16 19 20 16 25 25 22 25 29 29 26 
2 0 2 2 4 4 2 2 8 9 13 13 8 15 13 8 18 16 18 19 19 24 24 21 
2 5 5 5 0 8 6 5 8 9 12 9 5 17 16 17 21 19 17 21 5 23 21 
0 1 5 5 6 1 8 6 6 11 12 6 14 12 14 15 16 19 17 15 15 23 21 25 15 27 15 27 31 31 28 
3 3 9 3 3 7 5 9 0 11 9 9 
2 29 5 5 2 5 5 5 12 11 12 5 12 12 14 18 18 15 23 19 23 23 18 25 23 25 26 29 0 29 
3 3 0 5 3 3 8 6 11 11 8 3 12 12 12 15 15 15 20 18 
3 3 0 3 6 8 6 4 11 11 3 13 11 3 17 17 3 17 17 19 17 26 26 26 26 17 29 29 26 29 32 30 32 36 34 33 32 37 37 41 39 
2 3 0 3 6 4 3 7 
2 14 2 2 6 2 6 10 10 12 10 7 12 0 16 14 19 19 16 19 20 21 24 22 
2 0 2 5 2 8 8 5 8 9 
2 0 4 2 2 2 6 9 7 7 7 13 11 15 6 2 18 16 21 21 16 
3 3 0 3 3 5 8 6 8 8 6 15 15 15 11 15 16 11 11 23 23 23 19 23 24 3 28 3 30 28 34 34 34 30 36 34 34 39 37 34 34 41 41 41 47 47 44 47 50 48 47 53 47 53 56 54 41 41 58 58 
2 0 2 3 4 3 6 3 3 11 9 13 2 13 16 13 19 19 16 21 19 24 24 25 21 25 25 27 25 31 29 
3 3 5 5 13 5 6 9 7 13 13 13 21 15 13 17 13 21 21 21 0 24 24 21 26 24 24 30 28 27 
3 3 0 5 3 7 5 5 8 
2 0 2 2 6 2 6 
9 4 4 9 7 7 4 9 0 9 12 10 14 9 17 17 14 17 
2 0 4 5 2 5 8 6 10 5 12 10 12 
2 0 2 5 2 
5 5 5 5 0 
0 1 4 2 1 5 8 6 11 11 5 11 14 12 11 15 15 15 15 22 22 15 22 23 26 22 28 26 26 31 29 22 34 32 
0 1 4 2 1 5 8 6 5 9 13 13 10 16 16 13 16 16 21 21 18 16 24 22 
2 0 2 3 
3 3 0 5 3 8 8 5 10 8 10 13 11 10 16 10 
2 4 4 0 6 4 4 4 8 8 12 4 12 12 16 12 16 19 16 
2 6 2 3 6 0 6 9 6 6 10 14 14 10 14 14 14 19 14 10 10 21 21 25 23 27 21 29 27 
2 0 6 5 6 2 2 2 8 13 13 13 9 
3 3 0 5 3 5 6 7 5 5 10 11 16 16 16 10 19 19 16 19 20 16 25 25 22 25 26 
2 3 0 6 6 3 6 7 11 11 8 13 7 7 7 17 15 15 21 21 18 21 24 22 26 24 
2 0 2 3 3 8 6 3 3 9 10 13 9 13 14 17 15 14 18 19 22 20 9 23 23 23 26 26 28 26 32 30 9 33 34 37 3 39 37 2 49 43 49 43 44 47 48 45 2 49 53 53 55 53 50 49 49 57 60 57 
6 4 4 6 6 30 8 6 6 9 6 11 14 12 16 14 14 19 17 14 23 23 20 23 26 24 30 30 30 0 32 30 32 35 37 35 33 30 40 38 
5 3 1 5 0 5 5 
3 3 12 5 3 3 3 9 7 11 12 0 14 12 14 17 15 20 20 17 22 17 22 25 23 17 17 27 30 28 32 30 27 35 33 35 39 39 36 39 42 40 
2 0 2 5 3 3 3 11 11 11 7 17 15 15 17 17 2 19 20 17 22 20 
2 0 4 2 2 7 5 11 11 11 2 13 11 2 17 17 2 17 17 17 22 17 24 22 24 27 25 
4 4 4 0 7 7 4 7 10 7 4 13 4 15 13 
2 3 0 7 7 7 3 7 
3 3 0 3 7 7 4 9 10 7 16 16 14 16 16 3 19 19 16 16 22 20 22 26 26 28 26 23 
3 3 0 6 6 3 13 13 8 11 9 13 6 13 14 15 
3 3 4 0 4 4 9 9 6 4 13 13 4 15 13 17 13 13 20 18 20 23 13 23 26 24 23 23 30 28 32 30 
2 3 0 3 17 10 8 6 10 3 10 10 15 15 12 10 10 17 20 18 20 23 21 
3 3 0 6 6 3 
0 1 4 2 6 1 6 7 7 11 1 11 14 12 11 15 18 16 11 22 22 11 22 25 22 25 28 26 
2 6 4 2 6 0 6 9 7 
2 0 2 2 2 5 6 5 10 8 2 14 14 2 17 17 14 17 17 14 22 20 22 23 24 25 26 29 26 29 30 31 
2 3 0 3 16 16 16 16 8 8 8 11 14 12 16 3 19 19 16 19 22 20 19 
4 4 4 0 6 4 9 9 6 11 9 4 16 16 16 4 16 16 18 
5 5 5 5 0 5 8 5 
3 3 49 5 3 3 6 6 3 3 12 10 12 13 17 17 3 20 20 17 20 25 24 25 21 17 17 30 30 27 30 34 34 31 34 35 38 36 38 38 42 46 46 46 46 34 46 49 0 49 49 49 49 53 56 54 
2 0 4 2 9 9 9 9 2 16 12 16 14 12 16 9 18 16 20 18 22 20 24 22 2 2 37 37 30 28 30 33 31 33 37 37 26 39 37 39 43 43 40 
4 3 4 0 4 4 9 9 6 9 12 10 16 16 16 4 18 16 18 19 
3 3 7 3 6 4 0 9 7 
3 3 0 6 6 3 6 7 10 6 10 11 14 6 14 15 18 6 18 22 22 19 
2 0 2 5 2 7 5 7 8 9 2 14 14 2 14 17 15 14 20 18 14 14 
2 3 28 6 6 3 8 6 8 8 12 10 12 13 17 17 14 14 14 19 22 19 28 25 27 25 28 0 31 31 28 31 34 32 
2 15 2 3 8 8 8 4 2 9 2 13 11 15 0 17 15 20 20 15 15 21 
2 0 2 5 3 2 2 9 12 9 12 7 12 16 16 13 16 19 17 
4 4 4 0 4 4 4 9 4 9 12 9 9 17 16 17 28 19 17 21 28 21 21 23 23 28 28 9 28 29 33 33 30 33 36 34 
3 3 0 3 
5 1 4 5 0 8 8 5 5 5 12 10 10 19 19 19 16 16 13 22 22 19 22 22 22 27 25 29 22 29 29 31 32 35 33 
5 3 4 5 0 7 5 30 10 11 30 11 14 11 14 17 15 21 21 21 11 23 21 25 23 25 29 29 30 5 30 30 34 32 
2 0 2 5 3 2 2 9 7 7 12 10 
4 3 4 0 6 4 4 4 10 8 8 8 15 15 12 
2 0 2 3 3 
2 0 2 5 2 5 8 5 8 9 13 13 14 10 
3 3 0 3 4 3 
2 0 2 3 2 7 5 2 10 8 10 11 14 12 14 17 20 17 17 15 20 23 21 2 27 27 2 27 
4 4 4 0 4 4 6 4 
4 3 4 7 7 7 0 7 8 
4 4 4 12 8 8 8 12 12 12 12 0 12 
2 0 4 2 2 5 9 9 2 9 12 2 14 12 12 18 18 15 
9 1 7 5 7 7 2 9 0 9 9 9 12 13 14 17 14 14 14 19 22 20 
2 6 6 3 4 0 6 9 6 6 6 13 11 15 11 11 19 19 16 19 22 20 29 25 29 29 29 29 11 29 30 31 31 35 33 
3 3 0 19 7 7 19 7 8 8 13 13 10 17 17 17 7 19 3 22 22 24 24 19 24 28 28 25 28 29 
3 3 0 10 6 10 6 7 10 3 10 10 14 16 14 12 16 
3 3 0 3 
3 3 4 12 6 4 12 7 8 9 9 0 12 15 12 
2 0 2 5 2 2 9 7 6 13 13 13 2 15 13 15 20 20 20 16 2 2 22 22 22 27 25 22 
17 4 4 0 4 5 6 9 7 13 12 13 4 13 4 17 4 17 17 22 22 19 24 22 27 27 24 24 31 31 28 
2 0 4 5 2 7 5 9 10 7 10 10 14 12 2 2 18 16 18 
3 3 0 3 3 
2 0 2 6 6 2 
2 0 2 2 6 4 4 9 7 
3 1 4 0 7 7 4 13 10 13 10 13 7 
2 0 2 6 6 3 14 10 10 14 10 11 14 6 16 14 
4 4 4 9 6 4 8 9 0 11 9 9 14 12 9 9 16 16 20 18 16 21 
2 0 2 2 7 7 4 9 10 7 15 13 15 15 7 15 15 19 17 
2 0 4 2 6 4 4 2 2 12 12 13 9 13 13 18 18 15 22 21 22 13 22 23 23 27 25 
2 3 0 3 4 5 3 15 10 8 12 10 14 15 3 15 18 15 27 27 24 23 24 27 24 27 15 29 27 
2 0 2 5 2 8 8 2 
3 3 13 3 6 4 6 9 7 12 10 13 0 13 16 13 13 17 20 17 22 20 
3 3 4 19 4 4 6 7 8 8 19 19 14 12 14 17 15 19 0 19 20 23 21 23 26 24 28 23 28 29 30 30 28 35 33 35 38 35 
2 8 8 3 4 7 5 0 8 12 12 9 8 8 14 14 20 20 20 16 
2 0 2 5 3 2 6 9 7 
2 4 4 0 4 5 4 7 8 8 7 13 11 7 7 18 18 15 
2 5 2 3 22 5 6 10 8 7 12 19 15 15 12 17 15 19 22 19 22 0 22 
5 5 5 5 0 5 6 5 10 8 
3 3 0 5 3 5 9 9 6 9 13 13 10 9 18 18 18 14 18 19 22 20 24 9 24 24 26 27 30 28 33 33 30 33 36 34 39 39 33 39 39 44 44 41 
2 6 2 3 4 0 6 10 10 6 12 10 12 13 12 17 15 10 20 10 22 20 20 23 
4 3 4 14 4 5 4 9 4 9 14 14 14 0 
7 7 2 6 6 2 0 7 7 11 12 7 16 16 16 12 19 19 16 19 
2 0 4 2 2 2 8 6 14 9 12 14 14 8 
2 0 4 2 8 8 8 2 8 8 13 13 10 2 16 17 2 17 
2 40 2 5 3 8 8 5 5 11 5 11 14 12 11 17 11 17 21 21 18 17 25 25 17 25 28 26 25 31 25 31 34 32 36 5 36 37 38 0 42 40 42 40 44 40 40 47 47 51 49 
2 11 2 6 6 3 9 9 11 11 0 13 11 22 22 15 16 17 22 22 22 13 25 25 22 22 29 29 26 29 32 30 
3 3 0 5 3 7 5 5 11 11 8 19 14 19 14 18 18 15 3 22 22 19 
3 3 0 3 6 4 
8 4 4 1 7 7 8 0 8 8 10 10 12 10 10 15 15 17 15 8 8 21 22 8 8 
2 0 2 3 7 7 2 7 8 
2 3 0 3 
2 5 5 5 0 5 8 6 
2 0 4 2 4 7 5 9 2 13 12 13 9 
4 4 4 5 0 5 5 5 
2 3 8 6 6 3 8 0 8 9 10 8 8 15 13 13 18 16 
3 3 0 5 3 7 5 5 5 11 9 11 15 15 12 19 19 19 5 19 3 23 3 25 23 23 
6 4 4 1 4 0 9 9 6 9 12 9 12 15 12 9 19 19 9 21 19 21 24 22 24 25 25 24 24 32 32 29 38 38 38 38 38 24 42 42 42 38 42 45 42 42 42 47 48 51 49 
2 0 2 3 2 2 2 7 7 9 9 11 11 13 13 15 15 11 20 11 20 20 22 
2 4 4 9 7 7 9 9 0 9 12 14 14 21 17 17 14 19 21 21 9 
3 1 4 0 4 4 
2 0 2 5 3 10 8 10 10 2 12 13 10 16 16 8 16 19 17 24 22 24 24 16 24 24 28 26 32 31 32 24 32 
2 0 4 2 4 10 8 10 10 4 2 26 18 18 18 17 18 12 18 19 22 18 22 23 26 2 26 30 30 26 30 33 31 
2 3 0 5 3 12 12 12 10 12 10 5 16 16 16 12 16 19 17 16 16 16 24 22 
4 1 4 0 4 8 8 5 
2 0 7 6 6 7 2 11 11 11 2 11 18 18 18 18 18 12 
2 0 2 2 6 4 2 9 7 2 12 17 12 15 13 17 2 
2 7 2 5 3 7 0 7 10 7 10 7 14 12 
3 3 0 3 6 4 3 9 3 9 12 10 9 9 20 15 18 20 20 14 
2 7 2 5 3 7 0 7 7 18 18 11 11 17 16 17 13 7 20 18 20 21 20 26 26 23 28 26 28 31 18 31 32 36 36 31 36 31 38 31 43 43 31 43 46 44 43 49 47 
2 0 5 5 2 5 8 6 5 12 12 5 14 12 12 15 19 19 16 12 20 24 24 21 26 24 26 29 26 29 32 30 32 35 33 32 38 32 38 41 43 41 39 
2 12 4 2 4 7 5 5 5 11 9 0 12 16 16 13 16 12 22 21 22 12 22 25 22 25 26 22 31 31 32 22 32 35 33 
2 3 11 5 3 5 5 9 11 11 0 16 16 15 16 11 16 19 17 
2 8 2 2 6 7 2 0 8 12 12 9 8 
2 0 4 2 4 8 8 5 2 14 12 10 14 2 17 17 14 19 22 19 20 17 22 
2 0 4 2 4 8 8 5 2 11 9 2 20 15 13 15 19 19 16 2 22 23 20 23 26 24 
7 4 4 7 4 5 0 16 16 11 9 11 14 12 16 7 20 20 20 16 20 21 27 23 26 27 20 27 27 31 27 31 34 31 34 37 35 37 41 41 38 44 44 37 44 47 45 51 51 51 44 51 54 52 
2 12 12 6 6 12 6 7 6 11 9 0 12 16 16 12 
31 5 4 5 31 5 5 7 7 11 9 9 14 9 14 5 18 25 18 21 18 25 24 22 5 25 31 29 31 29 71 31 34 32 31 35 38 35 38 41 39 43 35 45 43 47 31 49 47 52 52 31 52 53 52 57 55 60 60 52 60 63 61 67 64 67 31 69 71 71 0 71 71 76 76 73 79 79 76 79 
10 10 5 5 2 5 6 10 10 0 10 10 10 13 13 15 16 
2 3 0 3 4 4 
2 13 13 13 6 13 6 9 7 9 10 13 0 13 16 14 
6 6 6 6 6 0 6 6 13 13 13 13 6 13 6 17 6 20 20 17 22 20 24 22 22 27 25 17 17 29 33 33 29 
3 3 0 3 6 4 8 9 6 9 9 
2 0 2 5 2 2 9 9 2 9 19 13 19 13 16 14 19 19 10 21 19 21 24 22 
2 0 2 6 6 2 9 9 2 2 2 11 11 11 16 14 
4 4 4 0 4 5 10 10 10 4 19 13 19 13 16 13 19 19 10 19 22 20 25 25 19 25 25 29 25 32 32 33 29 33 38 38 38 25 38 38 38 43 41 45 43 45 45 38 51 51 38 53 51 51 54 51 58 56 
2 10 4 2 4 7 9 7 5 0 14 14 14 10 
2 0 2 12 8 7 8 4 8 11 9 2 14 12 12 15 
5 3 5 5 7 7 0 7 10 8 7 7 12 17 17 17 13 12 18 19 22 20 
2 5 5 5 0 
3 3 6 3 4 0 9 9 6 
2 7 2 5 2 7 12 7 8 7 12 0 17 17 17 17 12 17 18 19 22 20 
2 3 0 3 4 3 
3 3 11 7 7 7 11 7 8 8 0 11 11 13 17 17 19 17 14 19 20 
2 0 2 3 6 7 4 7 8 11 9 13 14 7 14 17 18 15 18 18 20 20 22 22 27 27 18 
2 0 2 6 6 3 6 9 7 12 12 2 14 12 2 2 18 16 20 16 20 24 24 20 
2 0 2 5 3 7 2 9 7 9 9 11 11 19 18 18 18 19 2 19 22 20 19 25 23 27 25 27 30 27 
3 3 6 6 6 0 6 7 8 7 10 11 14 12 16 11 16 19 17 19 22 20 22 22 22 25 26 
3 3 4 0 4 7 5 4 4 9 12 10 17 16 16 17 9 19 17 19 22 20 27 26 26 27 19 29 27 29 
3 3 4 0 4 4 9 9 11 11 4 11 11 13 16 13 
4 4 4 0 4 7 5 9 4 9 
6 6 5 5 6 0 6 9 10 6 10 14 14 10 14 
4 4 4 0 4 5 9 9 4 11 9 13 11 15 11 18 18 11 18 19 19 19 22 25 22 18 29 29 26 
2 0 4 2 2 5 
0 1 4 2 
2 6 6 6 6 0 6 7 
2 0 4 2 4 
2 0 5 5 2 2 10 9 10 6 2 13 2 15 13 15 19 19 16 15 25 25 24 25 20 25 28 26 25 31 25 31 32 33 
2 0 5 5 2 5 5 7 10 8 2 14 14 15 2 17 15 19 20 15 20 21 21 25 26 20 26 29 30 26 
2 0 2 2 4 7 5 2 11 11 14 11 11 2 16 14 16 17 
2 26 2 5 2 5 9 9 6 2 26 11 15 15 12 12 12 17 21 21 18 21 24 22 26 0 29 29 26 29 30 30 
2 0 5 5 2 5 8 6 11 11 5 11 14 12 16 5 16 16 16 21 22 19 22 22 26 24 22 30 30 22 32 30 
2 0 4 2 4 4 2 9 7 2 12 10 12 15 13 15 18 16 
2 0 2 3 2 2 11 11 11 11 6 11 12 13 12 15 16 20 20 17 20 20 
9 1 2 3 7 7 9 9 0 9 13 13 10 9 16 9 16 16 20 18 16 16 24 22 28 28 28 24 31 31 28 33 31 
4 4 4 0 4 7 5 10 10 4 10 10 10 15 13 15 18 16 21 21 10 21 27 25 27 27 22 27 31 31 28 31 35 35 4 35 39 39 36 39 43 43 40 47 47 47 35 47 53 53 52 53 48 4 57 57 4 57 60 58 4 4 62 65 63 65 66 62 71 71 68 62 62 76 76 73 73 79 77 
2 3 0 3 3 7 5 3 3 9 13 13 10 9 14 17 15 
14 3 14 3 6 4 8 3 8 8 12 10 12 0 14 17 15 14 20 18 20 21 24 22 20 14 26 29 27 31 26 31 32 33 
2 4 4 0 
3 3 15 9 7 7 9 9 15 9 12 9 15 15 0 15 19 19 16 21 15 21 
22 3 22 5 3 8 8 5 8 8 12 10 8 8 16 14 16 17 22 22 22 0 22 
14 3 5 3 14 5 8 6 5 11 9 14 14 0 14 17 15 
2 0 2 3 4 
2 33 4 2 7 7 4 7 10 8 4 13 11 4 18 17 18 14 18 19 20 20 2 25 2 30 30 27 27 25 33 33 0 35 33 35 39 39 36 39 42 40 33 
3 3 0 5 3 5 9 9 3 9 9 9 12 13 16 14 
3 3 7 7 7 7 0 9 7 
2 3 0 6 6 3 3 9 3 9 
2 0 4 2 6 2 
2 0 2 2 4 7 5 4 11 11 8 
2 0 4 2 4 8 8 5 2 11 9 13 2 
4 1 4 5 0 5 5 9 7 5 12 13 5 15 16 13 16 19 16 
2 3 0 5 6 3 10 7 8 6 10 11 14 12 10 18 18 20 20 10 20 3 27 25 27 27 30 27 30 3 32 30 35 35 32 
3 3 0 6 6 17 8 6 12 12 12 17 12 17 17 17 3 17 18 26 24 24 24 26 26 17 26 26 31 31 28 
4 4 4 0 4 4 4 7 8 8 7 
2 0 2 5 3 2 14 10 10 7 10 13 11 2 14 14 18 16 
0 1 2 3 3 
2 0 5 5 2 8 8 5 10 8 13 13 5 13 14 
2 0 4 2 2 5 9 9 2 13 13 13 9 13 14 18 18 2 18 18 22 20 22 25 22 29 29 29 22 29 2 33 2 36 36 33 33 33 38 38 42 40 44 38 44 
2 0 4 2 2 2 6 6 10 8 12 10 2 17 16 14 2 17 17 17 20 21 24 20 24 
3 3 0 5 3 5 5 10 10 7 5 13 11 3 20 20 16 19 17 3 20 
3 3 0 3 4 7 4 3 12 12 12 8 12 17 17 17 13 21 21 21 17 37 24 37 24 27 25 24 33 33 30 30 24 33 36 34 12 37 38 39 
2 4 2 9 9 9 8 6 19 9 9 13 11 13 16 14 18 19 0 21 19 19 22 25 22 19 30 27 28 19 30 30 35 35 32 38 38 39 30 42 42 39 42 42 39 45 49 49 46 49 52 50 39 53 
4 4 4 0 4 4 
7 3 7 3 6 7 13 9 7 7 10 13 0 13 13 18 18 15 18 21 19 27 24 25 18 25 25 33 30 33 30 30 18 33 36 34 33 40 40 47 40 40 40 46 46 43 33 
3 3 0 3 4 3 8 6 8 11 9 16 16 16 16 3 18 16 16 3 22 3 22 22 26 28 28 22 28 
2 3 0 3 8 8 8 4 3 3 10 14 14 10 14 
2 3 0 3 6 3 3 3 8 8 12 10 14 12 14 17 15 17 18 
4 1 4 10 6 4 9 9 6 0 10 10 10 13 16 14 
5 5 4 5 8 5 6 0 8 
4 4 4 0 9 8 8 9 4 9 10 
2 0 2 5 3 2 8 6 8 9 9 2 12 12 12 17 15 20 20 17 12 21 21 21 24 28 28 24 2 2 30 36 36 36 36 30 36 37 30 39 42 40 
2 0 2 8 8 8 8 3 8 8 14 14 14 8 14 14 18 19 16 19 
3 3 0 3 6 4 
2 4 4 0 4 10 10 10 10 4 10 13 11 10 14 17 19 19 4 19 19 23 25 25 19 28 28 25 28 31 29 28 34 35 28 37 35 37 37 39 39 41 41 46 46 37 50 50 50 37 52 50 52 55 57 55 53 
2 0 4 2 4 8 8 5 4 4 10 10 15 15 12 10 10 19 17 17 20 17 17 23 27 27 24 
2 0 4 2 8 8 8 2 
2 0 6 6 6 2 6 7 7 
2 0 6 6 6 2 8 10 10 6 
2 0 6 6 6 2 6 6 6 9 12 10 
2 0 4 2 4 7 5 9 7 
2 0 4 2 4 7 10 7 10 5 12 10 
2 0 4 2 4 5 8 6 11 11 4 11 14 12 14 15 14 19 17 4 22 20 22 22 26 24 22 29 27 4 4 34 34 31 37 37 34 39 40 37 40 43 41 
4 4 2 23 4 5 6 4 8 8 10 8 12 8 14 17 19 19 14 23 23 21 0 23 24 24 
4 4 2 0 6 4 6 7 4 11 9 11 14 11 17 17 14 9 20 18 18 23 18 9 24 24 24 29 27 29 32 30 35 35 37 37 4 37 37 42 42 39 
3 3 0 3 4 4 8 4 11 11 8 11 15 15 3 17 15 15 22 22 22 15 24 22 24 
9 3 9 9 6 4 9 9 0 9 13 13 9 15 13 13 24 24 21 21 24 24 24 9 24 24 24 29 27 24 32 24 36 35 36 32 36 39 37 39 39 41 42 39 39 
2 0 4 2 2 7 2 7 8 11 8 7 14 7 14 14 18 14 18 18 22 18 25 25 22 25 28 26 22 31 22 34 34 31 34 37 35 31 40 31 42 40 42 42 44 45 
4 3 4 0 4 7 4 7 10 8 
2 0 2 2 8 8 8 4 8 9 8 11 11 13 20 15 15 17 17 8 20 21 20 25 23 29 29 29 25 29 20 34 34 31 34 34 38 36 38 39 
5 5 5 5 0 8 8 5 11 11 8 13 16 16 16 8 18 16 18 19 16 23 16 25 23 
5 1 2 5 0 5 8 6 10 8 8 13 11 13 16 14 
3 3 7 3 6 3 0 7 7 7 13 13 7 13 
3 3 4 0 6 4 6 10 8 7 
2 0 2 5 3 5 8 6 2 9 
5 5 5 5 0 5 9 9 6 13 13 13 5 13 14 13 
4 3 4 9 4 8 8 9 0 9 
4 1 1 5 0 7 5 7 8 11 9 11 14 12 5 28 16 16 20 18 16 26 26 23 23 16 26 5 28 29 29 34 34 28 
4 4 4 10 8 8 8 4 10 0 12 10 10 13 10 20 19 19 20 10 20 20 24 26 26 20 26 29 27 31 29 31 34 32 34 38 38 35 
9 3 1 3 6 4 9 9 0 9 12 10 12 13 16 14 
2 5 2 2 0 5 8 6 6 6 13 13 10 
2 0 2 2 4 4 6 6 6 12 12 9 
2 0 2 2 4 17 9 9 17 9 13 13 10 13 13 17 5 17 18 22 22 2 24 22 22 22 26 31 31 31 27 31 31 33 41 37 41 37 40 38 31 43 41 
3 3 0 6 6 7 3 7 11 11 8 7 12 12 12 
2 0 4 2 6 4 8 6 8 8 12 4 14 15 12 15 15 19 4 19 22 19 
0 5 4 5 1 5 6 7 7 6 10 13 11 13 13 18 18 13 18 21 18 21 21 23 23 1 26 
2 0 4 6 4 2 2 2 
3 3 0 5 3 5 8 6 10 8 12 10 8 15 13 17 8 
3 3 4 0 4 7 4 10 10 4 10 10 14 12 4 21 16 19 16 21 4 21 22 23 21 28 28 25 
4 4 4 0 4 5 5 5 10 8 14 14 14 10 4 17 4 20 20 17 
4 4 4 0 4 
2 0 2 2 6 2 6 9 7 9 10 
2 3 0 3 9 9 6 6 3 9 12 10 3 16 16 3 18 16 20 18 20 21 22 22 
2 0 7 7 7 7 2 7 10 8 12 7 14 12 17 17 14 17 17 28 22 28 22 26 26 23 28 17 
2 0 2 2 2 2 6 9 7 9 14 14 14 10 14 18 18 15 23 21 19 23 14 23 26 24 26 29 27 31 29 31 32 35 33 35 38 36 
3 3 0 6 6 7 3 7 7 9 10 17 15 15 17 15 7 17 
2 0 4 2 
3 3 0 6 6 3 8 6 8 8 12 10 12 20 20 17 15 20 20 6 23 23 20 20 27 27 24 
11 3 1 3 7 7 3 7 8 9 0 11 12 13 11 18 18 15 18 
2 8 2 5 2 8 8 14 8 9 14 14 14 0 
0 1 4 2 6 7 4 9 7 9 9 7 14 12 
2 0 4 2 4 7 5 7 10 8 4 11 12 13 
4 4 4 10 6 4 6 7 10 0 12 17 12 12 17 17 10 
14 4 4 14 4 4 6 4 8 9 14 14 14 0 18 18 18 14 21 21 18 21 30 30 27 27 24 27 28 22 30 30 32 14 56 35 42 42 40 38 42 56 42 43 43 49 49 49 45 51 43 51 56 56 56 14 64 59 64 59 59 64 64 56 
2 0 2 5 2 5 
2 0 2 5 3 2 10 9 10 14 10 11 14 2 
5 4 4 5 9 9 9 9 0 11 9 11 12 9 9 18 18 15 22 19 22 18 22 26 26 22 
2 0 2 2 6 2 
4 4 4 0 6 4 6 
5 4 4 5 0 5 5 10 10 7 5 5 12 15 12 17 15 17 
2 0 2 5 3 5 5 9 5 12 12 9 12 12 12 12 16 17 
6 1 5 5 2 0 10 10 10 6 12 10 14 12 17 17 12 19 17 21 19 24 24 6 30 29 29 29 25 24 30 33 31 
2 6 2 5 3 0 8 6 11 11 6 13 11 13 24 24 16 20 20 17 20 21 24 13 6 34 29 29 26 29 32 30 34 6 34 37 34 37 38 38 40 34 44 46 46 34 46 46 48 
2 3 0 3 4 5 3 9 10 3 12 10 20 15 13 17 20 17 17 10 20 20 20 23 26 23 20 29 38 31 38 33 31 33 36 34 38 20 38 42 42 39 44 38 
6 6 6 6 6 0 8 6 8 9 10 
6 6 6 6 6 10 8 6 10 0 
12 12 12 12 6 12 6 10 10 7 12 0 15 15 12 12 12 17 17 12 30 25 25 25 21 30 30 30 30 12 30 30 34 30 36 34 38 30 40 38 
18 1 2 5 3 3 6 10 10 3 13 13 3 18 18 18 18 23 18 23 23 23 0 25 28 28 28 23 28 29 28 33 31 28 36 28 36 36 
7 7 7 7 7 7 62 9 7 12 12 7 14 12 17 17 12 17 23 23 23 23 17 23 27 27 17 27 30 28 30 34 34 31 27 37 27 39 37 42 42 17 44 42 44 45 48 52 48 49 52 44 54 52 54 55 62 57 62 62 62 0 65 65 62 68 68 62 71 71 68 71 74 72 68 79 79 79 68 79 80 83 80 85 83 
9 9 4 9 4 7 5 9 0 9 13 13 15 15 9 25 25 17 20 18 20 23 20 25 15 25 26 29 25 29 35 35 32 32 30 37 25 37 40 38 42 40 44 42 44 44 46 49 47 49 50 53 51 53 53 
3 3 0 3 6 3 6 9 6 12 12 9 12 16 16 13 
2 0 2 2 4 5 6 9 2 9 12 10 9 13 13 17 18 15 13 19 19 19 24 22 19 25 25 29 27 25 32 30 30 30 36 34 34 39 37 
2 0 2 3 4 4 15 7 10 15 10 13 11 15 2 
3 3 0 9 6 9 9 9 3 9 12 10 12 13 16 19 16 19 14 14 22 20 9 27 27 25 9 27 30 28 33 33 30 9 34 38 38 35 
3 3 0 3 4 9 9 9 5 
2 0 2 2 4 4 
2 0 2 2 2 
2 0 2 12 12 5 8 12 8 11 8 2 12 13 16 14 12 12 20 18 20 23 21 12 24 27 25 27 30 28 38 33 27 33 34 33 38 33 
4 4 4 0 4 7 4 7 8 23 12 23 12 15 13 19 18 19 23 19 19 21 4 23 23 25 26 29 26 23 33 33 30 4 37 37 4 52 41 41 52 44 44 41 44 47 44 47 48 52 52 37 52 52 52 52 59 59 56 59 63 63 60 63 66 64 
2 3 0 5 3 3 
2 0 5 5 2 2 11 11 11 11 22 11 11 15 11 17 15 17 22 22 22 2 22 23 
2 3 0 3 6 4 6 7 10 3 3 14 14 3 14 
2 0 2 5 3 2 33 10 10 7 10 11 10 15 13 23 16 23 21 21 18 23 15 23 24 28 28 25 31 31 28 31 2 33 34 
32 3 1 8 8 8 8 32 10 8 23 11 14 23 14 18 18 15 18 22 22 19 10 23 24 27 25 27 30 28 32 0 37 35 37 37 32 37 38 38 32 43 51 43 43 47 45 47 48 51 32 54 54 51 51 60 59 59 56 51 60 60 60 65 63 
2 3 0 3 4 10 10 9 10 3 13 13 10 3 17 17 27 17 17 17 23 23 20 27 27 27 3 29 27 31 29 31 32 33 31 38 38 35 31 41 39 
2 0 2 3 4 5 4 4 8 12 12 9 3 3 3 15 16 20 20 17 
2 0 4 2 7 7 2 12 8 11 12 7 2 2 14 14 18 16 18 19 23 23 14 23 27 27 24 
29 1 4 1 4 8 8 5 29 9 12 10 12 17 16 17 13 9 9 19 19 21 24 19 26 24 24 29 0 31 29 34 34 31 38 37 38 34 38 38 42 40 42 43 
2 0 6 6 6 2 6 7 6 12 12 9 12 13 6 18 18 15 18 19 22 20 22 26 26 23 26 27 28 27 32 34 32 30 
24 24 5 5 2 7 5 10 10 5 12 10 21 13 16 14 19 19 21 21 12 21 24 0 24 27 25 24 24 32 32 29 24 37 34 34 24 41 41 41 37 43 37 45 43 
3 3 0 5 3 7 5 5 10 8 10 13 11 3 17 17 3 20 20 17 20 21 20 20 24 
28 1 7 7 4 4 2 9 7 9 9 13 11 13 16 14 18 16 13 13 20 20 22 25 23 25 26 0 31 31 28 31 34 32 34 35 28 37 41 41 38 41 42 43 44 45 46 46 45 49 54 51 54 58 56 58 58 44 64 61 64 61 61 58 64 65 
13 1 2 3 7 7 2 7 8 13 13 13 0 13 14 15 18 14 21 21 18 21 22 27 27 27 23 27 30 28 21 41 41 33 36 34 36 36 41 41 21 41 44 41 
13 3 13 3 6 4 13 13 10 13 12 10 0 13 14 13 29 26 20 21 29 21 21 25 26 21 29 29 13 29 33 33 30 33 34 
2 10 4 2 6 4 6 9 7 0 10 10 14 10 
3 3 5 5 0 5 8 6 11 11 5 11 11 11 16 14 16 19 17 21 16 21 22 27 26 27 21 29 27 21 35 35 34 32 21 37 35 37 40 41 38 44 44 35 44 47 45 47 51 51 47 51 54 51 54 35 35 57 57 63 63 63 59 63 67 67 64 70 70 63 70 73 71 63 74 77 75 77 78 79 
5 1 5 5 0 7 5 14 14 9 9 14 14 7 14 15 19 19 7 19 22 19 24 22 26 24 28 22 30 28 34 34 34 30 34 35 28 41 41 41 28 41 41 45 49 47 49 49 5 51 49 62 54 62 54 54 54 60 60 57 62 51 62 66 66 63 74 67 74 71 69 71 74 66 76 74 
2 3 10 5 3 5 8 6 10 0 10 10 10 10 14 17 15 14 20 18 
2 13 5 3 6 2 6 9 7 12 12 13 0 13 13 17 15 13 13 19 19 
2 0 5 5 2 
2 0 4 2 4 5 
4 4 4 0 7 7 4 
2 5 2 2 25 7 5 7 10 8 13 13 7 16 16 13 25 19 17 19 20 24 24 25 0 
3 3 9 3 4 5 6 6 0 9 12 9 21 21 16 18 18 21 21 21 9 21 9 27 27 27 28 9 28 29 32 30 42 36 36 42 36 39 37 42 42 28 42 46 44 43 46 46 48 48 48 51 52 52 57 57 51 57 
0 1 1 5 3 7 1 9 7 9 10 1 1 13 13 13 16 19 13 19 20 23 13 25 23 25 26 29 25 31 29 31 32 33 36 37 32 39 40 37 42 40 44 42 47 47 44 47 50 47 50 51 54 50 56 57 54 57 61 61 58 
8 3 1 8 6 4 8 0 11 11 8 11 14 12 16 11 19 19 16 19 20 23 21 26 24 23 16 16 28 28 32 28 34 28 36 34 34 37 42 42 42 34 42 45 43 
2 0 2 2 2 7 5 5 10 8 
2 0 2 6 6 2 9 9 6 2 16 13 15 13 16 23 16 17 17 23 23 23 2 25 23 25 
3 3 0 3 
3 3 0 3 8 8 8 4 8 8 8 11 14 12 
2 3 0 5 3 3 8 6 13 12 12 13 3 13 17 17 13 20 20 17 20 20 22 25 23 
2 11 2 3 7 7 4 7 10 8 0 11 11 11 19 17 15 19 11 22 22 19 22 26 26 23 26 27 28 28 27 33 31 
4 3 4 5 0 5 6 6 5 9 13 13 10 16 16 13 19 19 16 22 22 19 25 25 22 25 29 29 25 
0 1 4 2 1 8 8 1 1 11 12 1 12 13 12 18 18 20 20 12 20 20 22 
2 6 2 5 3 0 
2 0 2 5 2 2 6 2 10 2 12 10 15 15 12 15 
2 0 6 6 6 2 2 2 8 8 
21 1 4 2 4 5 6 7 8 9 10 11 12 13 14 15 16 17 17 21 0 21 
2 0 4 2 6 4 9 9 6 11 4 11 12 2 16 2 16 20 20 17 16 23 21 32 28 27 28 32 28 31 32 23 40 40 34 34 36 39 36 32 40 41 32 43 46 44 44 49 47 49 50 51 54 52 47 47 58 56 58 61 59 64 64 32 66 64 64 69 67 71 63 73 71 73 74 74 78 76 78 74 74 81 86 86 86 82 
3 3 4 0 4 5 4 9 10 4 10 11 16 16 16 12 16 17 16 21 19 12 12 26 26 23 26 29 27 32 32 35 35 35 10 35 35 39 37 35 43 43 40 43 44 45 45 35 50 48 50 50 50 50 56 54 54 57 58 64 63 63 64 59 64 50 50 69 67 69 72 70 72 77 77 77 73 77 80 77 
2 3 0 3 3 8 8 10 10 3 10 10 15 15 12 17 19 19 15 22 22 23 15 23 26 24 26 29 27 42 42 34 34 42 34 37 35 42 42 41 39 23 42 42 46 42 46 46 51 51 53 51 48 
2 0 2 5 3 3 8 6 8 11 8 2 14 2 14 17 14 17 18 17 34 25 25 25 32 25 29 29 25 32 32 17 34 32 34 35 
11 3 11 6 6 3 6 6 10 8 0 11 12 12 14 15 11 17 17 19 20 17 24 22 17 29 26 26 17 32 32 29 34 35 32 37 35 41 41 41 37 29 42 46 46 42 46 42 51 51 42 54 54 51 54 
2 4 2 5 0 5 8 5 5 11 13 11 5 13 14 17 15 
2 0 7 7 6 7 2 7 8 7 10 13 11 13 17 17 14 7 18 21 19 18 18 23 23 27 25 23 31 31 28 
2 0 9 5 9 7 9 9 2 9 10 13 11 13 16 14 10 19 17 10 10 21 24 22 21 27 25 21 30 28 33 33 21 33 33 33 36 36 42 42 40 38 
2 63 2 3 3 3 8 6 10 8 12 63 12 13 14 13 16 19 21 19 17 23 16 23 26 24 32 30 28 32 32 16 32 36 36 32 38 63 38 39 40 41 42 42 39 45 48 46 50 45 50 53 51 50 56 50 58 56 56 61 59 63 0 65 63 65 66 66 65 69 72 69 72 75 73 75 75 65 65 82 82 79 82 86 86 83 88 63 88 88 93 93 90 93 93 97 95 93 93 99 100 
6 3 6 3 3 25 6 7 7 12 12 9 7 15 13 25 25 17 24 24 20 23 20 18 0 27 25 30 30 27 30 31 32 25 38 37 35 39 25 39 40 40 45 45 42 39 50 47 47 46 
2 9 2 6 6 2 6 9 0 9 12 13 10 13 13 13 9 22 20 18 22 9 
2 0 2 2 12 7 12 7 8 11 9 2 15 15 12 12 22 19 22 19 19 12 22 25 22 22 31 29 31 31 22 31 32 32 31 37 35 31 48 48 43 43 48 43 44 45 45 31 50 48 50 53 51 48 59 59 58 59 48 61 59 61 61 65 68 68 68 86 70 74 70 71 74 68 74 74 79 79 81 81 74 84 84 86 86 2 86 86 88 91 89 94 94 88 97 97 99 97 94 99 100 103 100 
2 0 2 7 6 7 2 7 8 8 7 16 15 15 16 7 16 19 17 16 24 23 24 20 16 28 28 16 28 31 29 29 29 36 36 33 2 39 40 2 40 43 40 43 46 43 46 50 50 47 50 53 51 56 56 43 56 56 60 58 56 63 61 56 67 67 64 64 56 56 72 70 70 75 73 70 78 70 78 81 78 81 78 78 84 85 89 89 86 84 93 93 90 93 101 97 101 97 100 97 40 103 101 103 103 119 109 109 119 113 110 113 109 115 113 113 119 119 103 121 119 119 122 122 126 124 124 124 130 128 132 130 132 136 136 132 
5 5 4 5 0 7 5 7 5 9 10 10 5 16 16 5 16 17 20 18 17 24 24 21 21 21 29 29 26 
7 7 5 5 2 7 0 7 8 9 12 10 12 13 16 13 18 7 18 21 19 19 24 26 24 22 
2 7 2 6 6 3 0 9 7 11 9 13 9 16 16 7 16 17 18 19 16 23 25 23 21 16 16 27 30 27 34 33 34 27 27 35 35 39 37 35 42 40 
3 3 0 7 6 7 3 7 8 3 29 11 11 16 16 29 18 16 18 22 22 19 25 25 22 27 25 29 3 32 32 29 32 33 29 35 29 37 29 42 42 44 44 29 44 
3 3 0 5 3 7 5 9 5 9 12 10 
4 4 4 0 
2 6 2 6 6 0 
5 1 4 5 0 5 8 10 10 5 10 10 15 15 10 18 18 15 18 18 23 23 20 23 26 23 26 29 27 15 33 33 30 33 34 33 38 40 38 36 44 43 44 33 50 50 48 50 50 44 50 
2 0 5 5 2 2 8 2 8 8 14 14 14 8 14 8 18 16 18 21 19 
2 0 5 5 2 5 8 6 12 12 12 8 12 15 13 15 24 24 21 21 18 24 24 2 24 24 28 26 24 29 24 34 34 24 34 38 38 35 41 41 34 41 41 46 46 43 49 49 41 49 54 54 54 34 54 58 58 55 
4 4 4 0 6 4 9 9 10 6 10 11 12 15 12 15 16 4 18 21 4 24 24 21 27 27 24 27 30 27 30 34 34 31 36 24 36 39 36 42 40 39 42 21 47 47 21 47 47 49 49 51 49 53 56 54 47 66 60 58 60 63 61 65 66 47 66 66 70 68 72 74 72 70 70 77 75 77 80 78 
3 3 0 5 3 8 6 5 5 9 9 9 9 17 16 17 13 9 9 19 20 23 21 23 23 23 29 29 26 29 30 3 34 3 36 34 34 37 40 38 40 41 44 42 46 40 46 47 53 52 52 53 34 55 53 53 58 56 58 59 53 53 64 88 64 69 69 69 65 73 70 73 69 73 74 77 75 77 77 74 80 81 84 82 69 87 85 53 90 88 94 94 94 90 88 88 98 96 100 98 98 104 104 101 
10 10 5 5 9 5 6 6 10 0 10 10 20 20 16 14 16 20 20 12 22 20 20 20 24 24 28 26 10 41 30 33 31 33 34 35 35 40 40 41 10 41 44 42 41 41 49 49 46 46 52 50 63 63 56 54 61 59 61 61 56 61 46 65 63 72 69 69 72 69 70 63 72 72 77 77 74 80 80 72 80 80 80 
3 3 0 3 3 7 3 9 7 11 9 9 14 15 16 12 16 17 18 19 22 20 16 23 23 25 16 30 30 16 30 31 31 31 36 34 36 30 40 30 40 43 41 
6 6 4 2 6 0 9 9 6 6 6 13 14 11 14 18 18 15 
4 4 4 17 6 4 8 6 11 11 4 13 11 13 17 17 0 17 17 17 20 24 24 21 17 17 26 29 27 35 34 34 34 35 26 37 35 35 35 39 39 39 45 45 42 49 49 49 40 51 52 49 52 55 53 
3 3 0 3 3 5 6 9 5 3 3 14 14 11 17 17 14 
3 1 4 0 4 8 8 4 8 8 4 4 12 16 16 12 21 19 21 21 16 21 22 22 
4 4 4 6 6 84 6 9 7 6 12 6 14 12 19 17 19 19 12 12 20 23 21 23 23 20 28 26 28 31 29 12 51 51 51 35 38 35 44 44 42 44 44 35 44 45 48 46 50 48 12 54 54 51 51 57 55 51 58 59 59 51 51 63 63 65 65 63 63 69 69 73 71 75 69 77 84 77 83 83 83 83 77 0 86 84 88 86 93 89 93 93 88 93 96 94 
3 3 4 0 9 9 9 9 4 11 9 13 11 13 16 14 19 19 11 25 20 24 24 25 19 27 25 27 28 11 34 31 34 11 34 37 35 37 34 41 39 
2 3 35 5 6 3 6 6 11 11 8 3 3 15 16 3 18 16 16 21 19 23 24 16 24 28 28 24 30 24 33 33 30 35 51 37 35 35 38 35 43 43 40 43 46 44 50 50 50 51 0 51 51 53 56 51 56 56 51 51 62 60 51 63 63 67 65 71 71 71 63 71 72 77 76 77 71 80 80 77 
2 6 4 6 6 0 6 6 11 11 6 
3 3 0 3 7 7 4 18 10 18 18 11 14 11 17 17 14 3 20 18 20 20 24 22 3 28 28 43 28 37 34 34 34 37 34 35 28 37 40 43 40 41 3 45 43 47 45 43 51 51 58 51 52 57 57 57 53 43 58 61 59 58 64 62 64 67 65 58 70 58 70 74 74 58 77 77 74 
2 0 6 6 6 2 9 9 6 12 12 9 12 
2 8 2 2 2 5 5 0 10 8 10 13 11 
10 1 1 5 3 5 8 5 10 39 13 13 10 13 17 17 14 39 22 21 22 39 22 25 23 22 29 29 26 29 32 30 26 35 33 39 39 39 0 39 40 43 39 
5 3 5 5 0 5 5 10 10 14 10 11 14 5 14 15 16 16 14 21 19 
12 12 4 6 6 12 6 9 7 11 12 0 14 12 12 17 12 19 17 19 22 17 24 22 22 22 22 27 27 
0 6 6 6 6 1 6 
0 4 4 1 4 4 6 
0 5 5 5 1 5 8 6 8 12 12 9 5 5 14 18 18 14 18 19 22 20 24 14 31 25 30 30 30 31 24 31 
2 6 2 3 6 0 
3 3 0 3 4 
2 3 0 3 4 7 5 
2 0 2 6 6 3 
2 0 4 2 
2 0 2 6 6 3 6 9 12 9 12 6 12 15 13 12 18 21 18 21 16 21 22 
2 0 4 2 
7 4 4 1 6 7 0 7 8 8 10 7 14 12 14 19 19 19 15 21 19 21 21 21 24 25 26 30 30 27 30 33 31 24 24 35 38 36 38 39 42 40 
4 4 4 0 
2 3 0 5 3 5 9 9 3 9 9 14 14 11 14 15 18 16 15 21 19 
2 3 0 14 8 7 8 14 8 11 9 14 14 3 17 17 14 19 17 19 22 20 22 23 
2 0 2 5 3 5 6 2 10 2 10 10 14 12 16 14 19 19 14 19 23 23 20 
4 4 4 0 6 4 8 4 8 
2 5 5 5 0 7 5 7 11 11 8 
2 7 4 7 7 7 0 9 11 11 7 13 14 11 14 17 18 14 18 
2 15 2 5 3 7 2 7 7 9 2 11 11 15 0 15 18 16 15 22 22 15 22 23 22 27 25 
6 5 5 5 6 0 6 9 7 6 14 13 14 10 16 14 16 20 20 17 6 27 24 26 24 22 6 30 30 27 30 31 
2 0 2 6 6 2 6 9 7 
2 0 5 5 2 5 8 6 2 12 12 2 14 17 17 17 2 2 20 2 20 20 20 25 23 32 28 32 28 31 29 20 32 32 34 
5 4 4 5 6 0 6 
2 0 4 2 4 7 9 7 5 2 13 13 10 
2 0 6 6 6 2 2 7 12 12 12 2 14 12 2 2 18 16 18 18 22 20 16 16 29 29 29 29 24 29 30 
2 0 4 2 6 2 9 9 6 9 10 13 11 2 16 2 16 17 18 18 
3 3 0 7 7 7 11 11 11 11 3 
3 3 0 11 11 7 5 7 8 11 3 13 11 13 16 13 18 16 13 19 20 24 24 26 24 21 
2 0 2 5 7 5 3 2 10 2 12 10 10 15 13 
3 3 0 3 3 3 6 10 10 7 
2 0 4 2 2 
2 0 2 3 
3 3 0 3 8 8 8 3 
2 3 0 5 3 3 6 
2 0 4 2 4 7 5 9 4 11 9 
2 3 0 3 3 5 6 3 12 12 12 3 12 12 14 
2 0 4 2 4 7 5 
2 6 2 5 3 0 9 9 6 6 12 10 16 16 16 9 16 20 20 17 
4 4 4 7 4 7 0 7 10 8 10 11 7 16 16 13 16 17 20 18 22 16 22 
2 3 0 3 7 7 3 9 7 9 12 10 9 15 13 18 18 9 18 21 18 25 25 23 18 25 
4 4 4 5 0 5 5 9 7 9 13 11 10 15 13 15 16 5 21 19 5 21 21 25 23 21 26 29 27 34 34 34 34 21 37 37 40 40 40 34 43 43 40 43 46 44 46 50 50 47 
12 3 1 6 6 3 6 9 7 9 12 0 12 15 21 15 16 19 12 21 19 19 24 25 27 27 19 27 30 28 27 34 34 27 36 34 36 36 40 38 36 45 45 45 41 47 48 27 50 48 52 50 52 53 
3 3 9 5 9 5 8 5 0 9 10 10 9 18 14 14 18 9 20 18 20 24 24 21 24 25 28 26 20 31 29 33 31 37 37 37 33 33 33 39 42 39 39 
2 0 2 3 6 4 2 7 
2 0 2 6 6 2 8 2 8 11 8 13 14 8 14 15 16 19 17 21 22 14 22 22 28 28 28 22 28 31 32 28 34 32 34 37 35 37 
3 3 0 3 4 5 6 7 8 6 6 11 14 12 3 20 18 35 18 18 20 21 21 26 26 23 26 29 31 29 27 20 32 35 3 37 35 35 38 38 42 38 44 42 35 47 45 
6 3 1 6 6 0 6 6 6 11 9 6 18 18 14 17 14 36 18 21 19 23 36 23 27 27 24 27 28 29 30 33 30 33 34 6 36 
7 3 7 3 6 4 0 7 8 12 12 9 8 15 13 15 16 17 17 16 22 20 15 26 26 15 26 30 30 27 32 30 32 32 34 34 
9 4 4 9 4 7 5 9 0 9 9 13 11 15 9 18 18 15 18 19 20 21 15 15 26 24 28 26 28 
3 3 0 3 4 8 8 5 8 9 10 3 3 15 3 15 18 16 20 15 20 23 20 20 26 20 26 27 20 29 29 29 35 35 37 35 32 52 52 39 43 43 40 45 43 47 45 49 39 52 52 37 52 52 56 54 
20 5 5 5 20 5 8 6 8 9 10 13 11 13 16 14 20 20 20 0 24 23 24 20 24 25 28 24 28 28 33 33 28 33 36 24 38 39 36 39 39 39 42 45 42 47 48 42 
7 1 2 7 6 7 0 
9 3 0 5 3 5 6 3 3 12 12 9 9 9 14 14 16 20 20 17 25 25 22 22 16 16 26 27 30 28 
3 3 25 5 3 5 5 5 11 11 8 8 12 13 14 5 19 19 5 21 19 23 21 21 0 25 25 31 30 31 25 34 34 25 36 34 39 39 34 41 39 41 42 
12 12 12 5 3 5 6 5 10 8 12 0 12 18 18 15 15 13 26 21 26 21 24 22 26 18 26 31 31 31 26 34 34 31 34 35 12 39 12 39 43 43 39 43 47 47 43 47 47 49 52 50 54 52 54 54 39 59 39 59 60 61 61 63 67 67 63 
9 1 4 2 7 7 9 9 0 11 9 11 14 12 16 11 16 19 17 16 22 20 16 26 26 23 9 34 31 31 28 31 34 9 34 38 38 35 38 41 39 
2 3 0 3 6 4 6 9 7 3 13 13 3 13 14 
10 1 4 2 4 5 6 6 10 0 13 13 10 13 14 18 18 15 
4 4 4 21 4 4 4 9 7 9 12 14 12 9 4 17 4 17 18 21 0 21 21 21 27 27 24 
3 3 21 3 6 4 9 9 6 9 12 10 12 15 13 12 19 19 16 21 0 21 25 25 21 28 28 25 32 31 32 28 35 35 28 37 35 21 45 39 39 41 45 43 21 45 48 46 
2 11 5 5 2 7 5 10 10 11 0 13 11 13 13 11 18 24 21 21 24 23 24 11 24 
2 5 5 5 0 5 5 5 10 8 12 10 8 19 14 14 18 16 8 19 
8 4 2 1 8 5 8 0 10 8 10 13 11 16 16 10 16 17 10 19 8 23 25 25 8 25 28 26 28 29 33 33 25 33 33 35 35 37 41 41 38 44 44 41 37 47 37 49 47 51 49 
27 1 5 5 2 5 8 6 10 13 12 10 1 13 19 15 18 19 1 19 19 24 24 25 21 27 0 30 30 27 
2 6 2 5 3 0 6 9 7 6 12 25 12 15 13 18 18 12 18 21 19 21 24 22 6 25 25 27 28 27 32 30 34 32 
11 3 11 5 11 7 5 9 7 11 0 13 11 23 23 17 15 17 22 22 22 18 13 23 26 23 26 27 23 32 32 29 
14 4 4 1 1 8 8 5 12 9 12 8 14 0 16 14 18 14 14 21 19 21 22 14 51 25 26 29 25 29 35 33 35 35 29 35 35 37 40 38 50 44 44 50 44 48 48 45 50 37 14 51 55 55 51 57 55 57 60 58 60 61 
4 3 4 0 4 5 11 11 8 8 6 4 25 25 16 14 19 19 16 19 16 23 21 25 4 25 28 26 
2 0 2 5 3 5 8 6 11 11 5 11 14 12 16 5 18 16 20 18 23 23 2 23 27 27 24 23 30 33 30 31 23 36 36 33 33 33 41 41 38 38 38 43 46 44 43 49 47 43 54 54 54 50 43 57 55 57 58 59 
13 3 13 3 4 13 6 6 6 9 9 13 0 16 16 13 16 17 13 21 19 13 22 25 23 25 28 26 13 31 13 31 34 32 31 37 35 31 40 31 40 43 41 43 40 47 45 40 50 40 53 53 50 55 53 55 
2 44 5 5 2 2 6 9 2 9 12 10 12 15 13 9 9 21 21 21 23 23 17 25 23 25 25 30 30 27 30 34 34 31 36 37 34 37 40 38 40 41 44 0 47 47 44 44 48 52 52 44 54 44 57 57 54 
2 0 6 5 6 2 2 7 10 2 10 10 15 15 12 15 10 19 10 19 19 26 26 26 26 21 19 29 30 27 30 31 34 32 31 31 36 40 40 37 36 43 41 
4 4 4 26 4 8 8 5 10 4 12 10 14 12 14 17 15 14 21 19 18 26 25 25 22 0 29 29 26 31 29 31 31 
0 1 1 3 1 8 8 1 10 8 
2 0 8 8 6 8 8 2 8 9 21 14 14 21 14 15 16 17 17 21 8 21 22 25 23 28 28 22 28 29 30 33 30 
5 4 2 5 29 5 8 6 5 11 9 9 14 12 12 12 18 16 16 23 22 23 19 26 24 29 29 27 0 31 29 31 32 
10 4 4 5 10 8 8 9 5 0 10 10 
6 3 1 6 6 0 6 6 8 
2 0 2 2 4 
2 0 4 6 6 2 
0 7 7 5 7 7 1 11 11 11 7 14 14 11 17 17 14 22 20 22 22 17 24 11 24 28 28 25 28 31 29 33 28 33 34 35 39 39 33 24 43 43 24 43 44 48 48 43 48 52 52 54 52 49 
3 3 0 8 8 8 8 3 8 11 8 8 8 13 
4 4 4 0 6 4 4 7 
4 4 4 0 6 4 6 7 
3 1 5 3 11 5 10 10 10 5 0 14 14 11 
2 0 2 6 6 3 
3 3 0 3 3 7 5 9 3 9 3 15 15 15 3 15 15 17 18 
2 0 4 2 
3 1 0 5 3 3 10 10 10 3 13 13 10 15 13 20 20 20 20 10 20 20 30 25 23 25 28 26 30 10 30 33 31 30 34 
4 4 4 17 6 4 4 7 8 12 10 14 12 9 17 17 0 21 20 21 17 24 24 21 26 24 28 26 30 28 32 30 32 35 33 
20 4 2 6 4 20 9 9 6 9 13 13 10 9 16 9 16 19 17 0 
3 1 4 34 4 7 5 4 11 11 4 11 14 11 16 14 14 22 21 21 22 34 22 25 22 25 25 29 27 31 34 34 34 0 
2 0 2 5 3 7 5 11 11 11 7 11 15 15 12 17 11 21 21 21 17 21 25 25 21 
2 0 4 2 4 8 8 4 10 4 13 13 4 13 13 13 2 19 2 19 
3 3 0 3 4 8 8 3 3 13 13 13 3 13 14 14 16 19 14 19 23 23 13 25 23 25 25 29 27 25 30 31 25 25 36 38 38 34 38 
2 0 4 2 6 2 6 6 10 8 10 13 11 13 
22 22 5 5 2 2 8 9 2 13 12 9 12 17 17 17 9 17 20 18 22 0 22 22 26 24 22 22 30 28 28 
4 1 4 0 6 4 
3 3 22 6 6 3 3 3 12 11 8 11 15 15 8 17 15 17 17 22 22 0 22 25 20 28 28 25 28 28 32 30 28 36 36 33 28 39 28 42 42 39 42 45 43 39 39 47 48 51 49 47 52 
3 1 4 0 4 4 8 6 4 4 10 13 11 17 17 17 10 20 20 17 23 23 20 25 23 25 25 29 27 32 32 17 32 33 36 34 38 36 38 38 43 43 40 48 48 48 48 38 48 51 49 51 54 52 
6 3 6 3 4 15 9 9 15 13 13 13 9 13 20 15 18 16 20 0 20 21 21 20 20 40 31 31 31 31 40 31 32 31 36 31 40 40 40 25 42 40 42 43 40 48 48 45 40 52 52 49 40 53 54 57 59 57 55 61 59 63 61 
5 5 5 5 0 8 8 5 5 9 
5 3 1 5 10 5 6 10 10 0 10 13 10 13 13 10 18 10 18 19 20 26 25 25 26 21 28 26 28 
2 0 2 5 2 5 8 10 8 6 
2 4 4 0 
5 5 4 5 0 7 5 9 7 12 12 5 14 12 14 15 18 16 
2 3 0 6 6 3 9 9 6 9 10 11 15 13 11 6 23 19 23 19 22 20 6 23 
2 13 4 2 4 8 8 5 8 12 12 9 0 15 13 15 18 16 18 21 19 
23 1 5 5 1 1 6 9 7 6 10 13 11 1 14 14 18 16 21 21 23 23 0 23 
3 3 0 8 7 7 8 3 
4 4 4 0 4 5 
4 4 4 18 4 4 6 12 12 9 10 4 4 13 18 18 18 0 20 18 20 21 24 22 24 29 29 29 18 31 29 31 34 32 29 39 39 39 29 39 39 43 41 43 47 47 44 
3 3 0 3 7 7 3 7 7 3 13 13 3 13 
36 6 4 6 6 23 6 23 23 9 10 15 15 15 11 15 19 19 15 19 20 23 36 23 23 27 25 30 30 27 32 30 36 35 36 0 39 39 36 
42 3 42 6 6 3 6 9 3 12 12 9 12 15 12 18 18 15 9 22 22 9 22 22 26 24 22 27 31 31 28 28 34 32 28 38 38 28 38 41 39 0 44 42 
2 4 4 0 4 7 4 7 8 18 13 13 14 18 14 15 18 4 21 21 18 18 18 25 23 
3 1 4 0 4 4 6 10 10 13 10 13 7 4 16 4 16 17 21 21 18 21 24 21 21 28 28 25 34 31 34 31 31 28 34 35 36 
3 3 0 3 6 4 3 3 10 8 10 11 8 16 16 13 16 19 17 
11 11 4 2 4 5 6 7 7 11 0 13 11 11 23 18 18 15 18 22 20 19 11 25 23 23 29 29 23 31 29 29 37 37 37 37 29 37 
4 4 4 43 6 4 6 6 8 8 4 14 12 4 14 17 14 17 43 21 19 21 24 22 26 24 24 30 30 27 30 35 34 35 21 37 35 35 40 38 43 43 70 43 49 47 49 49 43 43 52 53 43 55 53 53 43 60 60 70 62 60 60 66 66 63 66 69 67 0 72 70 72 73 70 78 78 75 78 78 82 80 84 78 
2 3 0 5 3 7 5 7 7 11 9 3 3 13 14 13 18 16 21 21 18 21 24 22 27 27 21 29 27 33 32 33 29 
5 5 4 5 0 9 9 9 5 
2 0 4 2 4 5 6 6 22 12 10 13 4 15 13 15 16 13 20 22 22 13 22 22 27 27 2 27 30 28 27 31 31 37 36 37 27 
3 3 11 3 4 10 6 10 10 3 0 11 12 17 17 17 11 17 20 18 23 23 20 27 27 27 20 30 30 27 32 20 34 32 34 34 36 34 34 39 39 39 42 43 42 42 46 49 47 46 53 53 46 55 53 55 53 60 60 53 60 61 60 66 66 60 66 69 67 66 73 73 66 73 76 74 73 73 78 81 78 81 84 81 84 87 84 87 90 87 90 93 90 93 96 93 96 99 96 99 102 99 102 105 102 
12 4 4 1 7 7 4 7 8 11 12 0 12 16 16 13 16 17 12 23 23 23 12 27 27 27 23 29 27 29 29 33 31 33 33 
2 0 5 5 2 2 
4 4 4 0 
2 5 5 5 0 7 5 7 7 9 10 16 16 16 16 7 19 19 16 16 20 16 16 23 23 28 28 25 33 31 33 33 23 33 33 
5 4 4 5 0 5 5 9 7 9 13 13 10 13 14 17 15 5 23 19 22 19 5 23 23 27 25 
3 3 0 3 7 7 3 7 10 12 12 7 12 15 13 18 18 15 
2 3 0 3 6 4 3 9 3 9 3 13 11 11 16 11 16 17 18 11 22 20 20 25 20 25 26 30 30 27 3 31 31 35 31 35 
31 1 2 3 3 31 10 7 10 6 26 13 21 21 18 18 18 14 21 21 10 21 24 21 21 21 28 26 26 31 0 33 31 31 31 35 38 35 
2 0 5 5 2 8 8 2 11 11 8 2 14 2 16 14 16 17 23 22 22 23 14 26 26 23 26 29 27 29 30 33 29 33 
2 0 2 2 16 8 8 16 8 8 13 13 10 15 16 2 19 19 16 
3 3 0 5 3 3 8 3 8 9 13 13 8 15 19 15 18 19 13 34 34 21 24 22 27 27 21 27 27 32 32 29 34 13 38 37 38 34 38 
2 4 4 0 7 7 4 7 8 4 12 10 
8 3 1 3 6 4 8 0 10 8 15 15 15 15 10 
2 0 2 2 6 4 2 2 8 11 9 11 14 12 
2 0 4 2 4 4 
5 5 5 5 0 5 5 7 7 11 9 
11 3 6 6 6 27 8 6 6 6 6 11 11 16 16 13 21 21 18 18 27 27 22 23 24 27 0 27 27 29 29 29 32 32 34 
5 5 5 5 8 5 8 0 8 8 10 10 
2 19 4 2 6 2 6 7 19 11 9 19 15 15 12 15 18 16 0 19 23 23 20 23 23 
2 0 2 2 
10 3 1 3 4 3 8 6 10 0 12 10 14 12 16 14 10 19 20 10 20 23 20 20 24 25 28 26 28 32 32 29 
3 3 0 5 3 
2 3 0 3 
2 3 0 3 
0 1 2 2 2 5 8 6 1 13 10 11 1 15 13 21 21 19 17 21 13 21 22 25 22 25 31 29 31 31 21 
0 1 1 6 6 3 1 1 10 8 
2 3 0 3 
2 0 2 3 2 7 5 2 2 11 9 
5 4 4 5 9 7 5 9 0 11 9 11 15 15 12 9 21 17 20 17 9 24 24 21 24 25 25 21 28 31 29 31 34 32 28 35 
2 0 4 2 4 7 5 
2 6 5 5 6 0 
3 3 7 3 4 7 23 7 7 11 9 7 23 16 16 13 21 17 20 21 16 23 0 25 23 25 26 26 
3 3 0 3 8 8 8 4 10 8 12 10 14 12 16 12 10 10 18 19 20 19 18 26 26 23 
7 7 2 7 7 7 0 7 10 7 12 10 10 15 13 10 10 17 17 21 19 26 22 26 26 21 
2 0 5 5 2 5 6 6 11 11 5 11 12 5 19 18 18 19 5 19 19 24 24 21 
2 9 4 2 9 7 9 9 0 9 9 
2 3 0 3 3 3 6 6 10 8 
3 3 8 3 6 4 8 0 8 11 9 8 14 12 20 20 18 20 20 8 22 20 
2 0 5 5 2 7 5 
3 3 11 3 6 4 3 9 7 11 0 14 14 11 16 11 20 19 20 16 20 21 11 25 11 30 30 30 30 25 33 33 30 35 33 35 
2 3 0 5 3 3 6 9 7 7 7 11 11 15 13 
3 3 0 6 6 3 6 7 
2 0 2 2 8 8 8 4 10 2 17 17 15 15 12 17 10 19 17 21 19 21 22 35 35 28 28 35 30 28 28 33 31 35 17 35 36 40 40 37 40 44 44 40 44 45 
27 4 4 27 6 7 4 9 7 9 9 4 15 15 4 17 15 19 17 21 19 21 25 25 22 27 0 27 30 28 30 30 30 30 34 34 39 39 36 
2 0 2 5 2 
2 4 4 0 6 4 6 
2 4 4 14 4 4 8 4 10 8 8 11 14 0 
2 3 0 3 8 8 8 3 8 9 
2 0 2 5 3 5 8 6 10 5 10 10 14 10 10 10 16 16 
3 3 12 5 3 7 5 12 10 12 12 0 14 12 14 14 16 14 14 19 19 24 24 21 
4 4 4 0 4 7 5 7 8 4 10 10 14 12 16 14 16 17 17 16 16 23 21 23 26 24 21 21 28 29 28 28 32 35 33 32 32 37 37 43 43 43 39 10 46 10 50 50 50 4 50 50 
2 3 0 3 7 7 4 7 10 8 
10 6 4 6 6 1 6 7 10 0 12 10 12 15 13 
4 4 4 0 4 4 6 
2 4 4 0 4 8 8 5 
4 4 4 0 6 4 10 10 8 4 
3 3 9 5 3 5 6 9 24 9 12 13 9 16 16 13 16 21 20 21 16 24 24 0 26 24 26 26 31 31 28 
4 1 1 0 4 4 4 7 10 8 
2 0 4 2 2 2 6 9 7 6 12 10 
2 3 0 3 3 7 5 
2 3 0 3 6 4 6 
2 0 2 2 9 7 9 9 4 9 
2 0 4 2 2 2 
2 0 2 3 4 7 3 7 7 11 9 
3 3 0 5 3 5 5 7 8 8 12 10 3 16 16 13 16 17 20 13 22 13 25 25 22 25 26 
0 1 4 1 4 
2 0 4 2 6 4 6 9 6 
2 0 5 3 2 7 5 7 13 11 13 13 8 13 13 15 19 19 16 2 31 21 26 26 26 22 29 29 26 31 2 31 34 31 37 37 34 37 40 38 
5 5 5 5 0 7 5 9 7 9 12 10 12 13 17 17 14 20 20 5 20 20 24 26 24 27 20 29 27 
4 4 4 0 4 7 5 9 7 9 10 7 16 16 16 12 16 
19 3 19 8 8 5 8 3 10 8 13 13 10 13 17 17 14 19 0 21 19 21 24 21 26 24 24 24 30 28 21 34 34 21 36 34 36 37 41 41 36 
3 3 0 5 3 14 8 14 8 12 12 9 14 5 14 17 14 19 17 14 22 14 24 28 24 27 25 22 
2 0 2 2 7 7 4 2 11 11 8 2 14 15 2 15 19 19 16 15 24 23 24 35 24 28 28 25 28 29 24 31 32 35 15 37 35 37 38 35 42 40 44 42 44 44 48 46 
2 11 2 5 2 2 11 11 11 11 0 11 14 12 16 11 16 17 11 11 20 20 24 22 28 27 28 29 24 29 29 31 
6 1 1 6 4 0 8 6 8 12 12 9 
3 3 10 3 3 8 8 5 10 0 10 13 11 13 16 14 13 19 13 19 20 21 22 29 27 27 29 29 10 29 30 29 
2 0 4 2 4 4 8 6 
2 0 5 5 2 2 2 7 11 11 8 11 14 12 19 19 19 19 11 19 23 23 19 25 23 25 29 29 25 
2 3 18 3 4 4 8 11 8 8 18 13 18 15 18 18 18 0 
8 1 1 8 6 7 4 0 10 8 10 11 12 12 14 14 8 20 20 17 8 24 24 25 8 25 26 26 28 29 29 
2 9 4 2 4 7 5 9 0 14 12 14 14 9 14 19 18 19 15 30 30 23 21 23 24 25 28 25 30 14 
6 3 1 3 6 0 6 6 8 11 9 11 12 13 14 15 16 17 20 17 20 23 21 
9 7 5 5 1 7 5 9 0 9 9 11 12 13 16 14 13 17 20 18 17 17 22 23 
0 1 1 5 3 7 5 7 7 12 12 9 12 13 16 14 1 21 20 21 1 23 24 21 24 25 29 29 21 29 29 34 34 31 29 43 39 39 36 39 42 40 35 43 46 44 29 29 50 48 48 54 54 51 54 57 55 
5 1 4 1 0 5 8 6 8 11 9 20 20 15 20 15 19 19 16 5 20 23 21 
5 5 5 5 0 11 8 11 10 8 5 11 11 5 18 18 18 5 18 21 19 21 24 21 26 29 28 29 21 29 32 30 32 33 38 38 38 29 38 41 39 41 44 42 
22 4 4 1 4 7 5 17 8 12 12 17 12 15 13 17 4 17 22 19 19 0 22 25 23 
6 1 4 6 6 0 8 6 
3 3 0 3 4 5 8 3 10 3 3 14 14 15 3 3 
0 4 4 1 6 4 6 9 7 
2 17 6 6 6 2 6 7 6 11 9 6 15 15 12 17 0 17 20 17 20 23 21 27 27 27 23 23 23 29 
2 9 2 2 4 7 5 9 0 11 9 
0 1 4 2 
2 3 0 5 3 5 8 6 8 9 
3 3 4 0 6 4 8 4 12 12 12 8 4 15 4 18 18 15 21 21 18 21 15 25 23 25 28 26 4 29 29 33 31 29 
3 3 11 3 6 11 10 10 10 6 0 13 11 11 16 14 11 11 18 18 23 23 20 18 26 24 18 29 27 27 32 30 27 27 34 38 38 35 34 42 42 39 
2 0 4 2 4 7 5 7 11 11 8 11 12 
0 3 1 5 1 1 1 9 7 11 9 11 12 
2 0 2 2 6 4 8 6 4 4 14 14 14 10 14 
2 15 4 2 8 8 8 2 8 12 12 8 12 15 0 
2 0 4 2 
9 3 9 3 6 4 9 9 0 9 10 9 14 22 14 17 15 22 20 18 18 9 24 22 
2 0 2 2 
2 20 4 2 7 7 2 9 7 9 12 10 9 15 9 15 19 19 16 0 20 
4 4 4 0 4 4 6 9 7 11 9 13 11 16 16 13 18 16 18 19 11 23 21 11 11 25 25 25 30 28 33 33 25 35 33 35 36 39 36 
2 3 0 3 
0 1 1 5 7 7 1 12 10 12 12 7 14 12 14 17 15 14 21 21 14 
2 4 4 0 4 7 5 4 11 11 8 
2 0 2 2 6 4 2 10 10 7 10 11 12 2 16 21 20 19 20 16 2 21 27 27 24 24 21 27 31 31 28 
4 4 4 0 4 7 5 11 10 11 4 4 16 16 16 4 18 16 18 19 18 24 24 18 
2 0 4 2 6 4 10 10 10 4 10 
3 3 11 3 4 4 9 9 6 11 0 11 11 13 13 15 
2 0 4 2 4 5 8 6 
2 0 2 5 3 2 6 
3 3 20 3 4 7 5 20 11 11 8 11 12 16 16 18 16 13 20 0 20 20 24 22 24 24 31 31 31 31 24 31 36 36 36 31 38 36 36 41 39 41 
2 0 4 2 2 5 6 10 10 2 10 13 2 13 17 17 13 17 
2 8 2 6 6 3 8 0 10 8 
2 3 0 5 3 3 
2 0 2 3 2 7 9 9 2 9 14 14 14 9 16 14 20 20 20 16 28 21 28 26 26 23 28 20 30 28 30 31 38 36 36 38 36 30 38 38 42 40 
2 3 0 5 3 7 3 10 10 7 10 13 11 16 16 3 16 17 16 19 20 24 24 21 16 27 25 29 33 29 30 33 27 
3 3 9 3 4 8 8 5 0 11 9 13 11 9 24 15 22 17 17 22 22 24 22 9 26 24 26 29 27 
2 0 2 5 3 
3 3 5 5 0 5 8 6 
2 6 6 5 6 0 24 10 10 24 10 11 14 10 14 17 15 14 21 19 18 24 24 6 26 24 
2 0 2 3 2 7 10 10 10 5 12 10 5 5 16 14 16 2 2 22 22 19 24 22 26 24 29 29 22 31 29 31 34 32 
7 6 6 6 6 7 0 7 10 7 7 7 7 13 13 17 15 20 20 17 17 23 21 26 26 7 28 26 
12 12 8 8 4 5 5 2 12 12 12 0 14 12 12 18 18 15 12 12 22 23 20 
2 16 2 7 6 7 2 7 7 11 7 11 14 11 16 0 16 23 20 23 20 20 16 23 23 29 28 29 23 29 30 31 31 35 36 29 36 37 37 36 42 36 44 42 44 
2 0 5 5 6 2 6 9 7 11 2 13 11 11 14 15 
2 3 0 5 3 3 9 7 6 3 13 13 3 13 17 17 13 17 20 18 
2 0 8 5 8 8 8 13 8 8 13 13 2 16 16 13 
5 3 5 5 0 
3 3 0 3 3 8 8 5 3 
2 0 2 7 7 7 3 2 11 11 8 13 11 13 16 13 18 11 21 21 18 21 22 23 21 25 26 26 2 39 32 30 32 36 36 33 39 39 2 39 40 41 
2 4 4 0 4 7 5 4 10 4 12 10 12 15 13 10 19 19 16 
3 3 0 3 6 4 6 7 3 12 12 3 14 12 14 14 20 20 20 14 22 20 
10 1 2 7 7 7 10 9 7 0 10 
4 3 4 0 4 8 8 5 4 11 9 
3 3 0 3 6 3 3 
3 3 0 5 3 5 6 
2 3 0 6 6 3 3 7 3 11 9 3 14 12 3 3 16 3 20 18 18 21 29 25 29 25 28 25 20 
3 3 0 5 3 3 6 9 7 12 12 3 12 13 13 17 15 12 18 21 19 18 22 22 26 24 22 27 30 28 27 31 31 33 36 31 36 39 37 31 43 43 31 45 43 45 48 46 45 51 49 
8 1 6 5 6 8 8 0 
2 0 2 5 3 2 2 9 7 11 9 13 14 11 14 15 15 20 20 14 20 
2 0 5 5 2 5 6 2 10 2 10 13 11 17 14 17 13 17 17 24 22 17 24 22 
2 0 2 2 6 4 10 10 10 6 10 11 10 15 13 2 19 19 33 19 19 23 19 25 23 25 25 27 31 31 28 33 2 33 37 37 34 
2 0 7 7 4 4 2 11 10 11 2 11 2 15 2 15 16 19 17 21 16 21 15 25 15 25 25 29 27 
2 0 2 6 6 2 2 2 8 2 12 13 2 15 13 15 18 16 
7 7 4 2 7 7 0 7 8 11 9 7 16 16 16 20 16 20 20 7 23 23 20 20 26 20 28 30 30 26 26 33 31 
8 1 5 5 1 7 8 0 8 
2 4 2 16 4 5 5 7 10 7 15 15 14 15 10 0 16 16 20 16 23 23 20 23 26 28 26 24 
3 3 14 8 6 8 8 3 8 3 10 13 11 0 14 15 16 
2 3 0 3 3 7 5 7 8 11 9 3 15 15 18 15 18 3 18 19 19 23 18 23 18 27 31 31 31 31 18 
2 0 5 5 7 5 2 9 7 12 12 9 12 2 2 17 15 17 20 17 17 21 24 22 
4 4 4 5 0 7 5 7 8 5 12 10 5 5 14 15 15 17 20 18 22 20 20 23 
2 6 2 5 2 0 6 7 8 
4 4 4 0 6 4 
4 4 4 0 6 4 
4 4 4 0 4 
2 5 5 5 0 5 5 13 13 9 12 9 5 15 13 
5 5 5 5 0 5 
2 3 0 5 3 3 8 6 3 3 12 10 10 13 16 14 
4 4 4 0 
2 0 4 2 2 
2 0 2 5 2 5 2 9 20 9 12 10 14 9 14 15 16 19 14 2 20 
2 3 0 3 4 5 4 9 7 3 13 11 3 16 16 13 16 16 18 16 
2 0 4 2 4 5 2 2 8 8 13 13 10 
2 0 2 5 3 5 8 6 2 2 12 10 12 12 12 17 15 17 20 17 
4 4 4 9 6 4 6 9 0 
4 4 4 0 4 4 8 4 10 12 12 14 14 8 
4 4 4 0 4 4 
2 0 2 7 7 7 2 7 7 11 9 
2 0 2 5 2 5 
4 4 4 0 4 
5 5 5 5 13 5 13 7 10 7 13 13 0 15 13 13 19 19 16 
2 0 4 2 2 2 6 7 6 11 9 11 15 15 11 15 15 15 18 19 
2 0 4 2 4 7 5 9 7 2 12 2 12 13 16 18 18 14 18 18 
2 3 0 3 3 5 3 15 11 11 18 13 11 11 11 15 18 3 21 21 18 
3 3 0 3 7 7 4 3 3 9 9 13 9 
2 0 2 5 3 2 2 9 12 9 9 2 12 
2 0 4 2 4 5 8 4 10 4 2 13 2 13 17 17 14 
2 0 4 2 2 8 8 5 
4 4 4 19 4 5 6 7 4 11 9 13 19 13 14 17 14 19 0 22 22 19 
0 1 2 3 
2 3 0 3 6 7 3 7 12 12 12 13 7 13 13 19 16 16 13 19 
8 1 4 2 7 7 8 0 8 9 
2 0 2 2 6 2 8 6 
2 8 2 3 7 7 4 0 8 8 10 18 18 16 16 13 18 8 21 21 18 23 21 21 27 27 24 21 31 31 28 31 34 32 21 37 35 37 40 38 8 8 42 45 42 
6 3 6 6 6 0 6 7 6 6 12 10 10 13 16 14 18 19 16 21 10 21 22 25 21 25 28 26 
2 0 4 2 
2 3 7 5 7 7 0 7 
3 3 4 0 6 4 
2 0 2 5 3 5 8 6 2 2 10 
2 0 4 2 2 2 8 2 
2 3 0 3 6 3 3 9 13 9 12 10 3 13 13 
2 3 0 3 4 
2 0 2 5 2 2 14 13 8 8 13 13 7 2 14 18 18 14 21 21 18 
2 0 4 2 4 4 6 
13 13 5 5 13 7 9 9 5 9 12 9 0 13 16 14 
2 0 5 5 2 
0 1 1 3 1 5 6 7 7 11 7 11 15 13 12 15 15 1 18 18 22 23 20 1 24 27 25 
2 3 0 3 6 4 3 3 8 8 10 
2 0 2 3 2 
2 3 0 8 8 8 8 3 3 11 3 14 14 11 16 14 14 20 20 17 
4 3 4 0 4 4 8 6 12 9 12 8 
2 3 0 3 4 5 
2 0 2 3 2 8 8 5 5 5 12 10 2 13 16 14 16 20 20 17 23 23 13 25 23 
2 3 0 3 6 4 3 7 3 11 3 
2 4 4 0 4 
2 0 2 5 2 7 5 
4 4 4 0 6 4 10 10 10 6 4 11 14 12 
7 4 4 1 6 7 0 9 7 
3 3 4 0 
3 3 0 3 6 4 8 6 8 11 8 
2 7 2 5 3 7 0 7 8 
4 4 4 0 4 7 4 10 10 7 
5 3 1 5 0 8 8 5 
2 0 4 2 4 2 8 2 8 9 12 10 8 8 14 
2 5 2 3 0 5 
15 1 4 1 1 8 8 5 10 8 12 13 10 15 0 17 15 17 20 22 20 18 22 22 
2 0 2 3 3 5 5 9 7 
2 0 4 2 4 5 4 
4 3 4 0 6 4 
2 3 8 5 3 7 8 0 10 8 
10 1 1 1 4 7 10 7 8 0 12 10 14 10 14 14 
0 1 5 5 7 7 1 7 8 
2 0 4 2 4 7 4 7 11 11 8 18 15 15 18 18 18 2 18 21 19 
4 4 4 0 4 4 8 6 8 11 9 4 14 15 4 15 16 17 
2 18 2 5 2 5 8 18 8 11 9 15 15 15 11 18 18 0 
2 3 0 3 4 7 5 10 10 4 3 11 14 11 11 15 15 19 15 11 20 11 22 11 26 24 26 29 27 29 30 
2 0 4 2 4 8 8 5 
3 3 0 3 4 
4 4 4 0 4 8 8 5 
3 3 0 3 7 7 4 3 11 11 3 11 14 11 
2 0 4 2 11 7 11 7 10 8 4 
2 0 4 2 7 7 4 10 10 7 
2 11 4 2 6 11 6 6 11 9 0 
16 16 4 2 7 7 4 7 8 9 7 13 14 11 16 0 19 19 16 23 22 23 19 
2 0 2 7 7 7 3 7 10 8 
4 4 4 0 4 
2 0 5 5 2 
4 4 4 0 
4 4 4 0 6 4 
3 3 0 3 6 4 3 9 7 9 10 14 14 10 18 18 18 14 
0 1 1 6 4 1 
0 1 1 1 4 1 
6 1 4 2 6 0 6 6 6 9 12 9 
2 0 4 2 9 9 9 9 2 11 2 16 14 16 16 11 16 19 2 21 19 24 24 21 26 19 
2 4 4 0 4 5 4 9 7 
3 3 0 3 6 4 
2 4 4 0 
2 4 4 0 
0 1 1 3 1 1 6 9 6 9 9 15 15 15 9 15 18 15 21 21 18 21 
0 1 1 5 3 1 9 9 1 9 12 9 
2 3 0 3 3 7 5 
4 4 4 0 7 7 4 7 10 8 14 14 14 7 16 14 14 20 20 14 
2 0 5 5 2 5 8 6 
2 9 6 3 6 2 8 6 0 9 13 13 9 9 9 15 18 15 18 18 9 21 22 25 21 28 28 25 25 29 32 30 32 35 37 35 33 
3 3 10 3 3 7 5 9 10 0 12 10 
4 4 4 6 6 0 6 9 7 
2 6 5 5 2 0 8 6 
2 0 4 2 
5 5 5 5 0 5 8 6 10 5 
4 4 4 0 4 4 4 4 10 8 4 11 12 15 13 
2 37 6 3 6 2 6 2 10 2 14 11 14 10 14 17 15 10 20 10 24 21 24 20 24 27 25 20 30 20 34 31 34 30 36 34 0 41 41 41 37 41 44 42 56 45 48 44 48 48 48 53 51 48 48 48 59 59 56 
2 0 2 6 6 2 10 9 10 2 12 10 14 12 2 17 2 17 20 24 24 24 24 17 27 27 24 27 28 
15 5 5 5 15 7 5 7 10 8 5 15 15 15 0 17 15 17 20 18 15 21 15 15 26 24 
2 7 7 7 6 4 0 7 12 12 12 7 12 12 16 14 16 19 17 7 28 21 24 22 21 25 28 7 30 28 28 34 34 31 
3 3 0 3 3 17 17 11 11 11 7 15 15 15 11 17 3 19 17 19 22 20 
2 0 4 2 2 7 5 9 4 15 13 13 15 15 9 15 16 20 20 15 2 23 2 25 26 23 26 26 28 23 32 23 32 
2 0 4 2 4 
2 0 4 2 4 5 
0 4 4 1 6 4 
4 4 4 8 6 4 8 0 8 11 9 
5 3 5 5 7 7 11 7 8 11 0 11 
3 3 0 3 6 3 8 6 8 
2 0 2 5 2 
2 0 2 3 2 2 6 9 7 6 6 13 11 13 14 15 15 11 11 19 19 23 21 19 19 25 25 25 28 28 32 30 32 33 30 30 36 39 37 28 28 45 45 45 41 45 45 
4 4 4 0 11 7 11 7 8 11 4 11 14 15 11 
5 3 1 5 0 7 5 5 10 12 10 8 
2 0 4 2 6 7 2 10 10 2 12 10 14 12 14 14 14 
2 0 2 2 2 2 8 6 6 6 12 10 
3 3 18 3 6 4 9 9 6 9 9 13 11 18 17 17 18 0 18 18 18 23 21 18 18 27 25 30 30 27 30 
2 3 9 9 6 9 9 7 0 
3 3 0 3 6 4 3 9 7 9 12 10 9 15 13 3 21 21 21 21 3 21 21 25 23 
3 3 0 3 4 
2 0 4 2 8 8 8 2 10 8 8 
2 0 2 3 2 7 5 
3 3 0 3 
2 3 0 6 6 3 
2 0 2 6 6 2 
2 0 5 5 2 8 8 2 
2 0 4 2 7 7 2 
2 0 4 2 6 2 10 7 7 2 
3 3 0 3 3 7 5 9 3 
3 3 0 3 3 
5 5 5 5 0 5 5 5 5 11 9 11 12 
2 0 4 2 7 7 4 9 7 7 
3 3 7 3 7 7 0 
2 3 0 3 
2 0 5 5 9 8 8 5 2 11 9 
2 0 7 5 7 7 2 11 11 11 2 13 11 13 16 14 
2 3 12 3 7 7 3 9 7 11 12 0 
2 0 2 5 3 2 8 6 2 9 9 13 11 18 18 18 18 9 20 18 22 20 
2 0 4 2 
2 0 2 2 6 7 4 7 10 8 
2 0 5 5 2 5 6 7 7 7 10 7 12 12 12 15 18 16 18 21 19 15 22 23 27 27 23 
3 3 0 5 3 3 3 9 7 12 12 9 3 16 16 3 18 16 21 21 16 16 25 25 22 25 28 26 16 
2 0 2 3 6 4 
2 0 2 3 3 7 3 2 17 11 9 15 15 15 11 17 2 20 20 17 
2 0 4 6 6 2 8 10 10 6 10 13 15 15 10 21 20 20 20 21 2 21 27 27 27 27 21 27 28 28 27 35 35 35 31 
2 3 0 5 3 7 5 7 8 3 12 3 14 12 12 17 12 17 12 21 12 21 22 25 22 29 29 29 25 29 32 30 25 33 41 35 38 41 41 41 21 43 41 43 44 41 48 46 21 60 56 56 52 53 56 50 56 56 60 21 60 64 64 60 68 68 68 60 68 71 68 68 72 75 68 77 75 77 80 81 78 
3 3 4 0 4 7 4 9 7 9 10 
2 0 5 5 2 5 6 2 2 9 14 13 14 10 16 9 2 21 21 21 2 21 22 26 26 21 29 29 26 29 29 36 34 36 34 29 38 36 
5 5 5 5 0 5 6 7 7 9 10 
8 8 6 5 6 8 8 0 8 11 8 
