10 7 7 3 6 3 1 9 10 0 10 13 10 16 14 19 19 19 13 19 19 23 21 25 19 
3 3 5 5 0 7 5 5 12 12 12 5 14 12 12 18 18 15 12 21 12 24 24 21 27 27 24 27 28 29 
3 1 4 0 4 7 5 9 7 11 7 14 14 11 14 18 18 14 14 19 14 23 14 26 26 23 26 30 30 32 32 27 
3 3 4 0 4 7 5 7 7 9 9 13 11 16 16 9 16 20 20 17 4 4 24 4 24 32 32 27 32 32 32 24 32 33 36 34 39 39 32 39 40 44 44 41 44 48 48 45 
5 1 4 2 9 5 9 9 49 9 10 11 15 15 11 18 18 9 18 22 22 19 28 26 26 28 28 18 28 31 29 49 35 35 49 35 38 36 35 41 43 43 35 47 44 47 43 47 0 49 49 51 51 53 56 54 
3 1 0 5 3 5 8 6 
2 0 2 5 6 2 6 7 8 12 12 2 30 18 16 18 18 30 18 22 22 18 24 30 24 28 28 25 30 12 30 30 30 33 
10 10 2 5 3 3 8 6 10 0 10 13 11 16 16 13 18 16 
4 4 4 0 4 8 8 5 8 12 12 8 4 20 17 17 14 20 20 22 22 4 24 22 28 27 22 27 
3 3 11 3 3 7 5 9 11 11 30 14 14 11 16 18 18 14 18 19 19 19 24 22 24 27 25 18 30 0 32 34 34 30 34 37 35 37 41 41 38 
2 12 4 2 6 4 8 6 6 11 9 0 12 13 16 14 18 16 18 26 20 23 19 26 26 23 
3 3 12 6 6 3 6 9 7 12 12 0 12 13 13 15 19 19 13 19 22 20 22 23 29 29 29 29 12 29 30 31 35 35 32 37 35 37 40 41 42 37 
10 1 2 5 2 2 8 6 10 0 12 18 12 13 17 17 18 10 18 21 19 21 24 22 27 27 18 27 30 27 30 34 34 31 34 37 38 34 34 39 
2 4 4 0 9 8 8 9 4 4 14 13 14 10 4 17 15 
2 3 0 3 4 7 5 3 10 3 12 10 17 17 17 17 12 17 20 18 20 21 10 26 26 30 26 29 27 10 32 30 30 30 36 34 36 36 40 38 36 43 41 41 47 47 44 41 41 53 53 53 49 57 56 57 53 57 57 
3 3 0 6 6 3 3 10 10 3 12 10 12 15 10 15 21 20 20 21 16 23 21 23 24 28 26 24 
2 0 2 5 3 2 6 12 12 12 12 13 14 2 16 14 2 20 20 22 22 2 22 27 27 27 23 27 28 32 32 29 
2 0 4 2 2 2 8 2 11 11 8 11 11 
2 14 2 6 6 3 6 9 7 12 12 14 14 23 14 18 18 15 18 21 19 23 0 25 23 25 25 25 31 31 28 
4 3 1 11 4 8 8 5 11 11 0 14 14 11 18 15 18 14 
2 0 4 2 4 4 8 6 2 14 12 10 14 2 14 14 18 14 14 21 19 21 24 22 
3 3 4 0 6 4 6 7 10 8 4 13 4 16 16 13 13 21 21 21 13 23 21 23 26 24 26 29 26 50 38 34 34 38 34 37 35 50 41 41 38 43 41 41 41 48 48 45 50 4 50 54 54 51 
2 0 4 2 9 7 9 9 4 9 10 13 11 2 21 18 18 15 20 21 2 21 21 23 21 27 21 27 28 31 29 27 
2 0 4 7 7 7 2 7 7 12 12 9 15 15 7 18 18 2 18 22 22 18 24 22 26 24 24 24 28 28 28 33 31 31 34 31 39 39 36 
2 0 2 2 6 4 8 6 19 11 19 13 19 15 16 13 16 17 2 19 19 23 21 
7 4 4 7 4 7 0 7 10 7 
2 0 4 2 6 4 9 9 4 
4 4 4 0 4 5 8 4 8 11 9 
24 24 24 5 3 5 9 9 5 9 10 9 12 15 13 19 19 19 5 19 22 20 24 0 27 27 24 31 31 31 27 33 31 31 36 34 
2 0 4 2 6 4 4 9 7 4 12 14 14 4 17 17 14 17 17 19 25 25 24 25 20 
2 0 4 5 2 5 6 7 7 9 9 6 2 15 2 15 18 16 15 19 20 20 15 25 23 25 28 26 15 31 29 34 34 31 42 37 42 37 37 39 39 34 
3 3 0 6 6 3 6 7 11 11 8 11 
2 11 2 3 11 11 11 9 10 11 0 11 11 16 16 13 18 11 
2 0 4 2 4 5 11 11 11 11 2 13 11 11 14 15 19 19 16 19 22 20 
2 0 2 7 7 7 3 9 7 9 12 9 12 2 17 17 2 17 21 21 18 24 24 17 24 25 
2 3 21 5 3 7 21 7 10 8 10 11 12 11 11 17 15 20 20 17 0 21 21 27 26 27 23 27 30 28 27 34 34 31 38 38 38 27 38 41 42 39 
2 15 2 5 2 7 5 7 11 11 8 15 15 15 0 15 15 19 17 22 22 24 24 15 26 24 26 29 27 26 32 30 34 32 34 
8 3 1 7 6 7 8 0 10 8 10 13 11 13 14 15 15 
2 0 2 5 3 5 9 9 5 9 12 10 15 15 2 19 18 19 15 21 19 23 21 23 29 29 29 29 23 29 30 
2 3 0 3 7 7 4 7 10 8 12 13 14 7 16 14 3 3 18 22 22 19 24 22 24 25 26 29 26 31 29 
2 6 2 5 3 13 9 9 6 6 12 6 0 16 16 13 16 21 21 21 17 21 22 21 26 24 26 29 27 31 26 31 35 35 32 35 38 36 26 43 43 43 26 43 47 47 48 43 48 49 50 50 
2 0 2 2 2 
12 12 6 5 6 12 8 12 10 8 12 0 14 12 14 15 18 16 18 21 19 
3 3 4 20 6 4 4 9 4 12 12 9 9 17 17 17 9 20 20 0 22 20 22 25 23 28 28 22 28 31 28 33 22 22 37 37 22 37 38 39 42 40 44 42 
12 4 4 1 7 7 12 7 11 11 8 0 12 15 13 12 18 23 18 21 19 23 12 23 26 24 28 26 30 28 32 28 32 33 37 37 34 
2 0 5 5 2 7 5 2 10 2 10 10 12 
7 3 7 5 3 7 0 9 7 7 10 7 12 
2 8 8 6 6 3 8 0 8 9 14 13 14 10 17 17 14 17 17 21 9 23 9 23 26 24 9 27 30 28 32 30 37 37 37 37 32 32 40 38 44 44 42 37 44 45 
2 3 12 5 3 3 6 9 12 9 10 0 14 12 14 19 19 19 12 19 19 19 22 22 26 24 29 29 26 31 29 29 
5 1 5 5 0 5 8 5 8 11 9 8 14 12 
2 0 2 5 2 13 8 13 8 12 12 9 5 13 14 17 14 17 
3 3 9 3 7 7 9 9 0 
3 3 0 5 3 3 6 3 11 11 8 3 14 3 14 15 15 14 21 21 14 21 21 21 24 24 
2 0 5 5 2 2 6 6 10 8 2 14 14 16 16 2 
2 0 4 2 4 7 2 2 10 2 14 14 14 10 14 14 14 19 20 17 17 24 24 21 24 29 29 29 25 
4 4 4 0 12 12 10 10 10 6 12 4 14 12 16 14 18 12 21 21 18 25 25 25 21 27 25 
2 3 0 5 6 3 9 9 6 17 17 17 12 12 17 17 3 17 20 18 
2 3 0 3 6 4 3 3 8 12 12 9 8 15 13 15 18 16 8 19 20 21 24 21 19 19 29 29 3 31 29 31 32 35 33 32 38 36 40 41 32 43 41 43 46 44 
2 4 4 0 4 7 5 7 10 8 10 11 11 15 13 11 18 11 18 23 23 23 19 4 26 31 26 29 27 31 4 31 34 32 34 31 39 39 36 
3 3 0 3 8 7 8 4 
3 3 0 8 8 7 8 3 8 9 8 15 14 15 11 15 19 19 15 
4 4 4 6 6 0 6 6 10 8 6 6 12 15 12 15 18 16 18 18 
5 5 5 5 11 5 9 9 6 11 18 14 14 11 14 17 15 0 20 18 23 23 20 26 26 20 29 29 26 18 33 33 18 36 36 39 36 37 33 43 42 43 39 43 47 47 44 
2 0 4 2 4 5 8 10 10 2 
3 3 8 7 7 7 3 0 8 11 9 11 12 15 11 
2 0 4 2 4 7 5 4 8 11 4 11 14 12 16 2 16 17 20 18 23 23 20 25 23 
2 0 2 7 7 7 3 2 11 11 16 11 11 16 16 2 18 16 21 21 18 21 22 21 21 28 28 25 28 28 34 34 34 30 34 37 35 
2 0 2 6 6 3 2 10 10 7 
8 1 1 1 6 4 8 0 12 12 12 8 8 16 16 13 8 17 20 18 24 24 24 17 27 27 24 27 31 31 28 27 36 35 36 27 38 36 40 38 38 
2 0 2 2 2 2 6 6 
2 0 2 6 6 3 2 12 12 11 12 7 14 12 14 17 15 14 20 18 20 23 21 
2 3 0 3 4 7 4 3 11 11 8 11 14 11 16 14 19 19 20 16 22 20 
2 3 0 3 6 4 3 7 7 9 12 10 9 9 16 14 7 19 17 7 20 20 20 27 27 27 23 27 30 28 7 33 7 33 38 37 38 34 33 41 39 39 42 47 47 47 39 49 47 
5 5 4 5 9 5 8 6 0 12 12 9 19 13 17 17 19 19 12 19 23 21 19 26 26 23 
2 0 2 2 4 2 8 10 10 2 10 10 19 19 19 19 19 19 12 21 19 19 25 25 22 25 28 26 
4 4 4 0 4 8 8 5 4 9 12 10 12 12 12 17 15 12 20 12 20 23 21 23 26 24 
3 3 0 5 3 9 8 9 3 12 12 9 9 16 16 17 9 17 17 21 19 17 24 33 24 27 24 27 32 32 32 27 17 33 33 37 35 
2 6 2 5 3 0 8 6 8 9 
2 0 2 5 3 3 8 6 8 11 9 13 3 13 18 17 18 13 20 18 25 25 25 25 18 25 25 27 30 26 32 30 34 32 
3 3 13 3 3 5 8 6 8 11 9 13 0 15 13 15 
2 0 4 2 4 5 8 6 8 11 9 11 11 13 14 
3 3 5 3 9 7 5 5 17 11 9 9 15 15 9 17 0 22 22 22 22 16 17 25 17 25 25 25 28 28 32 30 
2 0 2 7 7 7 2 7 10 8 2 2 14 12 12 17 15 12 18 18 22 20 12 26 26 23 28 26 28 31 29 35 34 35 28 37 35 
2 0 4 2 6 4 
2 0 2 5 3 13 8 13 8 12 12 9 2 13 
4 4 4 0 6 4 9 9 12 12 12 4 15 15 12 17 15 17 18 22 22 12 24 22 28 27 28 24 
8 3 1 5 7 5 8 0 10 8 10 11 14 10 10 18 18 10 20 18 18 23 29 26 26 23 29 29 10 31 29 29 29 33 33 35 38 36 
6 3 6 3 4 0 6 9 7 
2 3 8 3 7 7 4 0 11 11 8 8 12 
2 0 2 2 6 4 8 6 10 8 10 10 10 17 17 17 13 
2 0 4 2 4 5 10 9 10 4 10 11 11 18 18 17 18 10 20 18 20 21 27 27 27 27 22 27 
2 0 2 7 7 7 2 7 7 9 7 13 11 7 16 14 16 7 24 21 22 24 24 7 26 24 24 27 
4 4 4 0 4 4 
2 0 4 5 2 
3 3 0 3 6 3 9 9 6 9 13 13 3 13 22 17 15 17 21 21 18 13 22 22 26 24 
2 3 0 3 4 3 
2 0 2 5 2 9 9 9 2 11 9 11 14 12 14 17 15 
2 0 2 3 4 
2 0 7 7 6 7 2 7 11 11 8 14 14 11 14 15 18 16 16 16 22 20 16 26 26 23 
5 5 4 5 6 0 6 6 8 6 13 13 10 13 14 20 20 20 20 15 
2 0 2 3 2 9 9 9 2 9 10 13 10 13 14 17 13 
4 4 4 12 7 7 4 9 7 12 12 22 22 16 16 13 13 13 18 21 22 0 22 22 26 24 31 31 31 31 22 33 31 31 36 34 
14 14 4 5 14 5 5 9 7 13 13 13 14 0 14 14 14 17 22 21 22 18 22 23 26 24 30 29 30 22 30 33 31 30 37 37 34 
2 0 2 2 2 7 5 
2 0 2 3 4 2 
4 4 4 7 6 7 0 7 11 11 8 11 15 15 12 
3 1 4 5 0 5 6 6 
6 6 2 5 2 0 6 7 11 11 6 14 14 11 16 14 16 16 16 21 14 23 21 23 27 27 24 27 31 31 27 27 34 32 34 37 35 
2 0 2 2 6 2 6 7 7 6 15 15 15 15 10 17 15 17 21 21 17 
2 0 7 7 7 7 2 7 7 12 12 17 14 17 17 17 7 17 17 21 17 21 
2 0 4 2 4 7 5 12 10 12 12 7 12 13 12 15 12 19 17 12 24 23 24 20 20 27 20 30 30 27 30 33 31 33 
2 0 2 3 4 2 8 6 2 12 12 2 12 12 17 17 14 
2 3 0 6 6 9 9 9 3 9 13 13 18 18 18 18 18 3 
6 4 4 1 6 0 6 6 11 11 8 6 14 6 14 15 14 
2 0 2 3 2 7 5 17 17 11 17 13 11 13 14 15 2 19 17 19 20 23 17 
11 3 6 5 6 15 6 6 10 11 6 13 11 15 0 15 19 19 16 15 15 21 22 
7 3 1 6 6 7 17 7 10 8 7 14 14 11 16 17 26 17 17 17 23 23 17 25 26 0 28 29 26 29 29 33 31 29 36 34 39 39 36 36 40 
2 3 0 3 3 3 6 7 8 3 3 14 14 3 14 15 18 15 15 23 22 20 15 23 
5 5 4 5 10 5 6 7 10 0 10 10 14 15 10 15 15 
2 0 2 2 4 7 4 10 10 7 
2 0 2 5 6 2 8 6 
4 4 4 0 4 8 8 9 4 9 10 17 17 15 17 17 9 19 17 19 19 21 22 23 24 25 30 30 30 26 
4 4 4 0 6 4 4 9 7 4 4 11 11 11 14 17 15 
2 5 2 2 0 8 8 5 10 8 10 11 
4 4 4 5 0 5 5 9 7 9 5 13 14 5 14 14 14 19 17 
2 3 0 3 6 4 6 7 3 9 9 11 11 15 11 15 
5 5 5 5 9 7 5 9 0 11 9 11 14 12 11 17 11 17 20 18 9 25 22 22 9 25 26 29 27 
3 1 0 5 3 5 8 6 13 11 5 13 11 15 13 15 16 16 24 24 20 23 20 18 
2 5 5 3 6 0 6 7 7 
2 3 24 3 3 3 9 9 23 11 9 9 9 13 16 23 16 19 17 23 20 23 3 0 24 25 
13 4 4 1 4 9 9 9 5 9 10 13 0 15 17 17 13 17 17 13 22 13 22 23 24 27 25 27 27 29 27 34 34 27 36 34 
3 3 5 5 0 11 11 7 7 11 5 5 14 5 28 18 18 28 20 18 23 23 20 27 27 27 23 14 28 32 32 29 35 35 32 40 36 40 40 32 32 41 42 
9 4 4 1 6 9 9 9 12 11 12 0 14 12 14 14 18 16 
2 8 8 5 3 8 8 0 8 
12 1 4 1 12 7 5 7 8 7 10 0 12 13 16 14 12 17 17 21 19 21 26 25 26 22 38 38 30 28 32 30 32 35 36 32 38 12 38 38 42 40 42 45 43 42 48 46 48 49 
6 4 4 1 6 0 6 6 8 9 6 14 14 11 
2 0 4 2 2 7 5 10 10 2 13 13 10 2 16 17 2 17 17 17 23 23 20 
2 10 6 5 6 2 6 10 10 0 15 13 10 15 13 18 18 15 18 22 22 19 
0 1 1 3 6 4 
3 3 0 3 6 4 
2 0 2 6 6 8 8 2 10 8 8 16 14 12 16 8 18 16 16 21 19 21 24 22 
2 0 2 3 2 
3 3 0 6 6 7 8 3 3 11 3 13 11 13 
2 0 2 2 4 7 5 2 12 11 12 8 2 2 16 14 18 14 21 21 14 23 21 23 26 23 
2 0 2 5 2 7 5 2 11 11 2 13 11 11 11 11 
3 3 0 3 4 5 3 9 7 
3 3 0 5 3 7 5 5 11 11 8 13 15 15 11 15 18 16 
4 4 4 0 
2 3 0 3 4 3 9 9 6 11 9 11 3 3 16 3 16 19 17 
2 15 4 5 2 5 5 9 7 11 9 13 11 15 0 18 18 15 18 23 23 23 19 
2 0 4 2 11 11 9 9 11 11 2 13 11 13 16 14 18 13 21 21 18 18 22 
2 0 2 5 10 10 8 6 10 2 10 11 10 16 16 13 16 20 20 17 25 25 25 25 10 27 25 27 33 31 33 33 28 39 34 39 36 36 33 
5 4 4 5 0 5 6 
5 1 4 1 0 5 8 6 8 12 12 9 5 15 5 15 15 17 15 21 15 15 22 23 23 22 26 26 31 31 28 
2 17 2 3 6 4 3 3 8 13 12 13 9 13 16 14 0 17 20 18 23 23 17 25 23 23 28 26 28 31 29 31 34 32 
3 3 6 3 6 0 6 6 6 11 9 6 15 15 12 
2 3 0 3 3 8 8 5 8 11 9 3 14 3 14 
2 0 2 7 6 7 2 10 10 12 12 2 12 12 14 12 19 19 16 19 23 23 20 23 24 25 28 25 28 31 28 
3 3 0 5 3 5 6 5 12 12 12 5 3 16 16 19 19 19 3 21 19 
2 0 4 2 
0 1 1 1 1 9 9 9 1 9 9 
10 3 10 5 10 7 5 7 8 0 10 11 12 11 
2 4 4 0 6 4 6 7 8 11 6 13 6 
4 1 1 0 4 7 5 4 10 8 4 11 
3 3 5 5 0 5 5 
2 0 2 3 
2 0 2 3 6 4 
2 0 2 7 7 7 2 7 10 8 2 14 14 15 17 17 2 17 20 17 20 
2 0 2 5 3 2 6 2 2 9 10 11 9 16 16 13 16 17 
2 4 4 0 9 8 8 4 8 4 12 4 4 16 16 4 
2 9 6 6 6 2 8 6 0 9 10 13 11 16 16 13 16 
3 3 5 5 0 5 6 10 10 7 5 11 12 13 5 21 19 19 16 21 5 23 21 23 26 24 26 27 
2 4 4 12 4 4 4 9 10 4 12 0 12 13 16 17 13 20 20 12 20 
2 0 2 3 12 7 12 11 11 11 7 2 14 12 14 15 18 16 14 19 23 23 2 26 26 23 23 29 27 
3 3 0 5 3 5 8 6 8 11 9 20 20 17 17 17 20 19 20 5 23 23 20 
3 3 0 5 3 5 8 6 6 6 10 11 14 12 20 19 19 19 20 14 20 20 22 23 24 3 29 29 36 31 29 31 34 32 36 3 38 36 36 41 39 36 36 43 46 44 43 51 51 51 47 51 54 52 
2 4 4 0 4 4 10 10 10 6 10 13 11 13 16 14 13 21 21 21 13 29 25 25 29 25 28 26 21 31 29 31 32 33 
2 7 2 6 6 3 0 7 10 8 7 19 14 12 16 12 16 19 7 22 22 19 22 22 26 30 28 30 30 22 30 33 31 33 36 34 38 30 19 41 19 41 44 42 44 47 45 41 51 51 48 51 54 52 
16 1 5 5 2 5 9 9 5 9 12 10 9 15 13 0 19 19 16 21 19 21 21 23 26 23 28 29 26 29 28 34 34 31 
2 0 4 2 4 5 
2 4 4 0 4 4 6 4 11 11 4 11 14 12 
6 6 6 6 6 21 6 7 6 11 6 14 14 11 17 17 14 17 20 18 43 21 24 21 21 28 28 25 21 32 32 29 21 38 37 37 34 21 38 43 43 43 0 46 46 43 
3 3 0 3 3 5 6 11 11 11 7 15 12 12 11 19 19 19 11 21 19 21 24 22 
3 3 10 5 3 3 6 10 10 0 10 13 10 13 14 13 19 19 16 
2 13 2 5 3 5 8 5 11 11 13 13 0 15 13 13 13 17 18 17 22 20 22 25 23 29 29 29 17 29 30 35 35 35 31 35 36 
2 0 4 2 4 7 4 10 10 22 10 11 10 13 14 14 16 19 16 22 22 7 24 22 24 25 26 26 26 31 26 22 22 22 37 37 34 34 40 41 38 43 41 43 44 47 44 47 51 51 48 
7 3 7 3 6 4 0 7 11 11 8 7 12 16 16 12 12 12 20 18 7 27 26 25 26 27 7 27 27 31 29 27 27 33 37 37 33 39 37 42 42 39 39 45 43 
18 18 5 5 2 5 8 5 8 11 9 13 8 13 13 15 18 0 18 21 19 23 18 23 28 28 28 24 
2 8 2 7 7 7 3 0 8 9 12 9 14 15 12 
2 0 2 3 6 4 2 7 7 11 9 11 15 15 12 17 15 17 21 21 18 
8 4 4 8 4 7 5 0 8 8 12 8 14 12 14 17 15 17 18 8 22 8 22 22 22 27 25 22 22 29 29 29 32 
15 3 15 3 6 4 4 10 10 7 4 11 12 12 0 15 15 21 21 21 17 
2 6 2 3 6 0 6 9 7 6 14 14 14 10 6 19 18 19 31 19 22 19 22 23 26 31 26 29 27 31 6 31 35 35 32 31 38 36 38 42 42 39 
2 0 2 5 2 5 5 9 10 11 7 2 14 2 14 15 15 21 21 21 14 23 21 14 14 
2 8 5 5 2 5 8 0 8 13 13 13 8 
2 3 0 5 3 8 8 5 8 8 12 10 8 8 14 8 8 17 17 21 19 8 22 22 24 28 28 25 
3 3 9 3 6 4 6 9 15 11 9 13 11 15 0 
2 0 2 3 6 4 2 7 2 11 9 13 2 2 17 17 23 17 21 21 18 23 2 23 26 24 23 34 28 29 32 30 34 23 34 34 38 36 
2 0 4 2 6 2 6 10 10 6 6 11 2 15 20 17 15 19 17 2 20 21 
3 3 4 0 10 10 8 6 10 4 10 11 14 11 
2 0 2 2 9 9 9 9 4 2 12 2 12 15 16 12 12 19 17 19 22 12 25 25 12 
3 3 6 3 4 0 9 9 6 9 12 10 9 13 16 14 16 20 20 17 22 9 22 26 26 23 22 27 28 27 27 31 34 32 
8 1 5 5 2 7 5 26 8 9 8 13 8 17 16 17 13 17 18 21 19 21 22 25 26 0 28 26 
2 0 2 2 6 2 6 6 
2 3 11 3 4 4 9 9 11 9 0 15 14 15 11 15 18 16 20 18 20 24 24 21 
3 3 0 3 4 13 8 13 8 11 9 13 3 15 13 13 23 21 18 18 23 23 13 23 29 27 29 27 23 29 32 30 32 35 33 29 38 36 36 41 39 41 42 
2 0 6 6 6 2 6 7 10 7 
3 3 10 3 7 7 10 7 8 0 10 15 14 15 11 
2 3 0 3 3 7 3 7 7 11 9 
3 3 0 3 4 7 5 3 18 11 9 14 14 18 14 17 15 3 18 21 18 21 25 25 22 
2 0 2 6 6 3 3 9 3 2 12 2 14 12 12 19 18 19 12 
2 12 9 6 6 3 6 9 10 11 2 0 14 12 14 14 14 17 12 21 12 25 24 25 21 25 26 37 37 31 37 31 34 32 37 37 25 
2 0 2 2 15 5 8 6 12 12 12 5 14 12 2 15 15 17 15 19 19 21 24 22 
4 4 4 5 0 8 8 5 8 12 12 8 15 15 5 15 16 19 15 21 15 23 21 23 24 25 
2 0 2 2 4 5 6 12 12 11 12 4 12 15 13 12 19 19 16 
2 0 2 3 2 7 5 5 5 9 10 
2 0 5 5 6 2 8 6 8 9 2 16 16 16 16 18 18 2 18 18 22 20 18 26 26 23 
2 0 4 2 6 4 8 6 6 11 9 
9 3 9 3 6 3 6 6 0 9 9 9 14 12 16 17 9 21 20 21 17 21 21 25 23 
2 0 4 2 2 7 5 7 11 11 8 14 14 11 14 17 15 
3 3 0 5 3 3 10 10 10 6 12 10 12 12 18 17 18 14 21 21 12 21 21 25 23 25 28 26 
5 3 1 5 0 7 5 7 10 8 7 15 14 15 7 5 23 20 20 17 23 23 5 23 27 27 23 27 28 
8 8 6 6 6 2 8 0 10 11 8 11 15 15 8 18 18 15 20 18 20 23 21 8 28 25 28 8 28 28 32 30 32 35 33 28 39 39 36 
4 4 4 0 4 4 8 6 4 12 10 4 12 16 16 13 
2 0 2 2 8 8 8 4 10 8 13 13 10 13 17 17 14 
8 3 1 3 4 7 5 0 10 13 12 13 8 13 17 17 14 
2 3 0 3 3 7 5 3 8 11 9 8 8 13 13 13 13 19 17 19 22 20 
2 0 4 2 2 8 8 5 8 11 9 
3 1 0 5 3 3 
3 3 0 3 3 5 6 
2 0 2 3 2 
3 3 0 5 3 5 3 7 3 13 12 13 16 15 16 3 3 3 18 18 22 3 3 3 27 27 24 30 30 27 27 31 
2 0 4 2 6 4 2 7 7 11 9 2 16 16 16 12 
3 3 6 6 6 0 6 9 7 12 12 16 12 15 13 9 18 16 
2 0 2 2 4 4 4 9 7 4 13 13 10 
6 3 1 5 6 0 6 9 7 9 14 14 14 10 14 17 15 
11 5 5 5 1 1 8 6 10 11 0 11 14 11 14 18 18 14 11 11 20 20 
2 3 0 3 10 7 10 10 10 4 14 14 14 10 17 17 14 17 20 17 
3 3 5 5 0 5 8 6 5 11 9 11 14 12 17 17 14 17 18 25 25 23 25 23 5 27 25 27 27 29 30 31 32 33 36 34 36 37 
3 3 4 0 8 7 8 4 11 11 8 11 12 16 16 13 
9 1 1 5 3 9 8 9 0 9 9 13 11 9 16 22 16 21 21 21 17 9 22 22 26 24 
3 3 7 3 6 4 0 7 10 8 12 7 14 12 14 15 16 17 14 14 20 25 25 25 21 25 26 
2 5 5 5 0 5 8 6 
4 4 4 5 0 5 8 6 8 9 10 11 14 11 18 15 18 8 18 22 22 19 24 18 24 29 28 29 25 29 30 24 32 32 36 34 36 37 40 32 
3 3 0 3 6 3 6 7 3 13 13 13 9 
3 3 21 3 6 3 3 9 7 3 13 13 14 3 16 14 21 21 20 18 0 25 25 25 21 25 26 33 33 29 32 30 21 33 36 37 21 37 38 41 39 
9 1 1 6 4 1 8 9 18 9 12 9 9 15 13 18 18 0 20 18 18 23 18 23 26 23 26 26 30 28 30 33 31 
3 3 8 3 8 8 8 11 11 11 0 11 11 11 17 17 14 11 11 21 19 21 22 23 26 11 28 26 26 31 32 26 32 37 37 37 39 39 11 41 39 39 42 
21 21 21 3 3 14 9 9 6 11 14 11 11 3 16 14 14 20 20 17 23 23 0 25 23 25 29 29 26 
2 4 2 0 8 8 8 4 8 11 9 8 16 16 16 12 16 19 17 16 22 16 22 25 23 
2 5 5 5 0 5 8 5 8 8 8 15 14 15 11 5 18 28 18 19 18 23 21 23 27 27 24 5 31 31 28 28 34 32 
3 3 6 3 6 0 9 9 6 14 13 13 14 9 14 15 15 14 20 18 
2 0 2 2 8 8 8 4 2 2 10 13 10 10 16 14 19 19 10 22 22 19 22 
7 4 4 7 4 7 0 7 7 11 9 9 9 9 14 17 14 17 21 21 18 17 24 22 
2 3 0 7 7 7 3 7 10 8 10 
4 4 4 0 4 7 4 10 10 7 10 11 10 15 13 7 18 7 20 18 18 23 21 23 24 25 28 26 
2 3 0 3 4 5 6 6 
2 0 2 2 4 10 8 10 10 2 10 13 17 13 16 13 10 22 22 22 22 17 
2 4 4 0 6 4 8 9 4 4 13 13 4 13 18 18 18 14 18 21 22 19 24 18 24 28 28 24 31 31 24 31 34 32 
11 3 1 3 6 4 8 11 11 11 0 13 11 
3 3 13 6 6 3 8 6 6 11 9 13 0 13 16 14 
2 7 4 2 6 2 0 9 10 7 10 11 12 7 17 17 20 19 20 7 20 20 22 26 26 20 29 29 26 29 34 34 34 30 29 38 38 35 
5 3 1 3 0 5 
2 3 0 5 3 3 6 9 7 7 10 
3 1 0 3 4 3 8 6 10 8 12 10 12 13 10 15 18 16 10 10 20 20 22 20 27 27 24 
2 3 0 3 3 3 8 6 8 11 9 3 14 3 16 14 14 17 17 14 14 21 22 25 23 
2 0 4 2 2 5 2 9 7 9 13 13 10 
2 0 2 3 2 2 6 
3 3 0 3 4 7 5 3 8 8 10 8 8 13 16 14 13 22 20 21 22 17 22 22 22 
2 0 2 3 2 
2 4 2 0 4 4 6 4 10 8 
2 0 4 2 2 7 5 9 10 11 2 
0 3 1 3 4 1 
2 0 2 3 3 7 3 7 
2 5 2 3 0 5 
2 0 2 3 7 7 4 9 7 2 12 2 12 13 13 
2 0 4 2 2 
2 0 2 5 2 2 8 2 10 11 8 11 14 12 14 17 15 
2 0 2 3 4 5 
2 0 5 5 6 2 9 9 2 2 13 13 2 13 14 15 16 13 20 18 13 24 24 21 
2 10 5 5 2 2 6 10 10 0 10 
4 3 4 5 25 5 8 6 5 11 9 5 15 15 12 15 18 5 21 21 25 21 24 22 0 25 25 27 30 28 
2 0 2 3 2 5 
2 0 4 2 4 5 
2 0 2 3 4 2 2 7 8 
2 0 2 2 4 2 8 2 8 9 8 
2 0 4 2 4 7 5 10 10 4 12 10 
2 0 4 2 6 2 8 6 
2 36 2 6 6 2 9 9 6 9 2 14 14 2 14 14 16 14 20 21 14 21 22 25 21 28 28 25 28 31 36 31 34 31 36 0 
2 0 4 2 7 7 4 7 
2 0 2 5 3 2 2 7 7 12 12 9 14 12 17 17 14 14 18 
2 0 4 2 4 4 4 7 7 11 9 7 15 15 12 2 18 24 20 18 22 20 24 2 24 25 30 30 30 26 32 30 32 32 32 37 35 37 32 41 39 
13 3 13 5 3 7 13 7 10 8 13 13 0 15 13 15 18 16 13 22 22 19 22 26 26 23 13 29 13 29 29 29 32 32 32 
2 0 2 3 3 7 2 7 7 9 13 13 10 13 14 
2 0 4 2 2 5 6 2 13 12 12 13 2 13 14 17 13 17 21 21 18 21 22 
3 3 0 3 4 7 5 9 3 11 9 9 9 15 13 
2 0 2 6 6 2 6 10 10 6 2 14 14 16 16 2 18 16 16 19 16 23 29 25 23 25 26 29 16 31 29 34 34 31 34 37 35 37 40 38 
3 3 8 3 6 4 8 0 8 9 10 8 15 15 16 8 16 19 17 16 16 23 16 23 26 23 28 26 30 28 23 33 23 35 33 
2 0 4 2 16 8 8 16 8 11 9 8 12 16 16 19 19 19 4 22 22 24 24 2 24 28 28 25 
2 0 2 5 3 2 8 9 2 9 10 14 14 11 
3 3 0 5 3 5 8 5 10 5 10 3 12 13 
4 1 4 0 6 4 8 6 6 
4 4 4 0 6 4 8 6 8 12 12 9 12 16 16 4 18 16 
2 0 2 5 2 2 8 2 8 11 9 8 8 13 18 18 18 14 21 21 18 23 21 13 26 13 26 31 31 31 27 26 26 35 26 
2 0 4 2 
2 0 4 2 4 7 4 
4 4 4 6 6 0 9 9 6 11 9 13 11 
2 9 4 2 9 9 9 9 0 9 12 10 9 9 16 14 16 
2 3 0 3 3 7 5 11 10 11 3 11 14 12 11 17 15 17 20 18 20 21 
6 1 4 1 6 0 6 9 7 11 6 11 14 12 17 17 11 17 21 21 17 
3 3 5 5 0 5 8 6 5 9 12 10 9 15 13 9 21 17 17 19 9 21 
2 0 2 3 4 7 5 7 4 11 4 13 11 11 14 17 15 11 20 18 23 23 24 18 
2 10 2 3 6 10 6 9 6 0 10 11 12 10 14 17 15 21 20 21 14 23 21 25 23 25 29 27 25 
8 5 5 5 1 7 8 0 10 8 8 14 14 11 
3 3 0 5 3 5 9 9 6 5 12 13 3 13 16 22 18 16 22 22 22 13 22 23 
2 3 0 3 6 4 3 3 8 11 9 8 14 12 
4 4 4 7 4 7 0 7 7 7 10 13 11 17 14 14 13 17 17 22 22 17 22 23 23 22 29 29 26 22 30 31 32 22 37 37 22 37 40 38 37 41 41 41 46 44 48 46 48 51 49 46 55 55 52 55 56 
4 3 4 0 4 4 6 6 10 8 
8 3 1 1 6 4 8 0 
3 3 0 3 6 4 3 10 10 3 10 10 14 12 10 15 18 16 10 22 22 19 22 25 23 
4 4 4 0 6 4 4 11 11 11 7 11 15 15 12 4 16 20 20 17 16 16 22 26 26 23 28 4 
2 0 2 3 6 2 9 9 2 2 13 13 10 
8 4 4 1 8 5 5 0 8 8 10 11 12 15 13 15 18 15 18 21 18 
8 3 1 3 6 4 8 0 10 11 8 11 14 12 14 17 15 11 11 21 19 19 25 25 22 25 28 26 33 32 32 33 19 35 33 35 38 36 33 39 39 41 42 43 
6 1 5 5 6 0 8 6 8 9 9 11 11 15 13 9 16 17 20 18 18 23 18 23 29 28 28 29 9 29 34 34 34 30 36 29 38 36 
10 10 2 5 10 5 9 9 6 0 12 10 10 13 14 17 14 17 17 19 22 19 10 25 23 25 28 26 28 
2 9 4 9 4 5 6 6 22 9 12 10 12 15 9 9 19 19 22 19 19 0 25 25 22 22 28 26 28 31 29 
2 0 4 2 4 7 5 10 10 4 12 10 12 15 16 13 10 20 20 17 26 24 24 26 26 10 28 29 26 26 32 30 34 2 
2 3 10 5 3 7 10 7 8 0 10 10 14 15 12 15 16 15 21 21 15 23 21 26 26 23 26 10 31 31 10 
14 3 1 3 4 8 8 5 3 9 13 13 14 0 14 15 16 19 17 16 22 14 22 22 24 25 29 29 26 
13 4 4 1 6 13 6 11 11 11 7 13 0 13 13 13 16 17 18 18 17 17 22 25 26 23 33 33 28 32 32 29 26 35 33 37 35 37 37 39 
9 3 1 3 4 7 9 9 0 14 14 13 14 7 14 18 18 14 18 19 20 20 22 22 24 24 26 26 28 28 30 35 32 32 30 
3 3 5 5 21 5 5 9 7 5 5 13 5 13 16 21 16 19 17 21 0 23 21 21 26 24 21 35 30 35 30 30 32 32 21 35 36 39 37 36 35 41 45 45 42 41 41 47 50 48 50 51 
2 3 0 3 6 4 3 9 12 9 10 3 14 12 14 19 18 19 12 19 20 21 22 22 22 27 22 27 27 27 30 33 31 27 36 27 36 37 41 41 38 43 12 45 12 
2 3 0 3 8 7 8 3 8 9 12 10 3 18 16 18 18 3 21 21 18 18 24 27 24 25 18 29 30 27 
2 0 2 2 4 5 2 7 8 2 10 10 15 15 12 
2 3 19 5 3 3 6 9 7 6 10 10 12 16 16 13 19 19 0 19 22 20 24 22 24 25 25 24 30 28 30 33 30 24 34 39 39 39 35 41 34 41 44 42 34 24 50 47 48 24 50 50 55 55 52 55 56 57 57 59 59 55 66 65 66 62 
9 9 2 5 3 9 8 6 0 11 9 9 12 15 13 9 16 16 16 19 16 27 24 22 22 25 16 27 27 27 33 33 30 
3 3 7 6 6 7 0 9 7 7 7 11 7 15 7 17 15 17 18 24 23 23 24 15 15 28 28 15 30 28 32 15 32 35 33 
2 4 4 0 
2 0 9 9 7 7 4 9 2 9 9 13 2 15 2 15 16 20 20 17 25 25 25 25 20 
4 3 4 0 4 
2 0 2 3 6 4 6 6 6 11 9 2 15 15 2 15 15 15 15 15 
2 5 5 5 0 5 6 9 7 9 5 15 12 15 5 15 15 17 20 18 20 21 20 23 27 27 24 
3 3 0 3 3 3 8 6 8 11 8 3 12 15 13 12 18 16 18 19 22 18 25 25 22 25 26 
5 5 5 5 0 
3 3 0 3 6 3 3 9 3 11 9 11 12 15 11 3 19 19 23 19 20 23 3 
0 3 1 3 7 7 4 
7 1 1 5 3 7 0 9 7 11 9 13 14 7 14 7 7 17 21 21 17 21 17 23 24 24 24 27 30 28 7 35 32 32 7 37 35 40 40 37 40 44 44 41 
4 4 4 0 4 7 5 7 10 8 10 11 15 15 7 17 15 19 20 17 17 23 17 23 27 27 24 23 32 29 29 28 
2 0 2 7 7 7 3 7 8 9 9 11 11 
2 0 4 6 6 2 6 10 10 7 10 13 11 2 2 18 18 15 18 18 23 23 20 23 27 27 24 
2 7 5 5 2 7 0 9 7 11 9 13 11 7 19 19 16 16 26 23 20 23 19 25 23 7 26 27 26 33 33 33 29 26 26 37 35 39 35 39 42 40 45 45 35 45 45 49 47 49 53 53 55 55 50 55 58 56 64 62 62 64 64 55 64 65 66 67 67 
2 0 2 5 3 7 5 7 8 8 12 10 22 15 16 2 16 17 20 18 16 16 22 25 23 25 29 29 26 22 32 33 30 30 30 35 38 36 40 35 42 40 
5 1 1 5 0 7 5 9 7 9 9 11 16 16 16 9 18 16 20 18 18 23 21 
2 3 0 5 3 3 8 6 
2 0 4 2 2 2 8 6 13 13 13 13 8 13 13 15 13 19 17 2 2 21 21 25 23 25 29 29 26 31 25 31 34 32 34 37 35 
2 0 2 6 6 3 
3 3 0 3 6 4 8 3 8 
12 1 2 3 7 7 8 12 8 9 12 0 14 12 12 12 16 19 17 
2 5 2 3 0 5 6 5 10 8 5 13 5 13 13 17 15 13 21 21 18 21 22 21 26 21 28 29 21 29 30 29 34 32 
2 0 2 3 2 
3 3 0 5 3 5 5 3 10 3 12 10 10 15 13 10 10 20 20 17 
2 0 4 2 4 7 5 
3 3 6 3 3 0 6 6 
2 3 0 3 4 5 6 
4 4 4 5 0 5 5 5 8 
5 1 4 2 0 5 6 
4 3 4 9 4 5 6 9 0 9 9 11 
2 0 4 2 2 2 
3 1 0 3 3 5 5 7 
2 0 2 3 7 7 4 9 7 12 12 7 12 13 14 13 16 20 20 17 20 28 24 21 24 27 25 27 27 31 29 
4 4 4 11 6 4 4 4 11 11 0 11 14 11 14 17 14 20 20 17 23 23 20 23 26 24 26 30 30 27 30 33 31 
2 0 5 5 2 5 5 2 2 12 12 9 12 13 16 14 13 19 13 21 19 28 28 23 23 28 28 21 30 28 30 30 34 32 30 40 40 37 37 35 
2 7 2 5 7 7 0 10 10 7 7 7 12 13 16 12 16 17 21 21 18 21 25 25 22 21 26 29 27 26 32 26 32 33 37 37 34 
2 0 2 2 6 2 10 10 10 6 12 10 14 12 18 18 18 6 18 21 18 18 25 25 18 27 25 
2 3 0 3 8 8 8 4 
2 7 5 5 2 5 0 7 7 11 7 11 11 
3 3 5 5 0 5 5 9 7 9 12 10 5 15 5 5 5 19 17 
5 3 1 5 0 9 8 9 5 5 5 11 16 16 16 12 16 17 21 21 18 17 24 17 24 24 28 26 28 
5 5 4 5 12 5 10 9 10 6 12 0 14 12 12 17 15 17 21 21 18 12 22 25 23 22 28 26 28 29 
3 3 5 5 0 5 5 5 5 9 9 11 11 13 
2 0 4 2 2 7 5 
8 3 1 3 4 8 8 10 10 0 12 10 
2 0 2 5 2 9 9 9 5 
5 1 2 5 0 7 5 
7 3 1 1 4 7 0 7 10 8 7 7 12 13 14 14 19 19 16 
2 3 0 6 6 3 
3 1 0 5 3 
7 4 4 1 7 7 0 9 7 
5 5 5 5 0 
2 0 4 2 2 5 2 2 8 8 8 13 11 8 24 20 18 20 20 24 23 23 24 14 24 27 25 
2 0 2 3 2 2 2 7 
3 3 0 3 
2 0 2 2 6 2 
3 3 5 5 0 5 
5 1 5 5 0 5 8 5 
3 3 0 3 3 7 5 
2 0 2 2 4 2 2 2 10 8 
2 0 2 2 2 7 5 7 10 8 12 2 12 15 13 13 13 20 20 17 22 23 12 25 23 23 26 23 23 29 32 2 35 35 2 35 38 36 38 39 39 39 44 42 42 47 45 42 50 48 50 53 51 53 56 53 
6 1 4 6 6 0 
2 15 2 5 3 7 5 7 10 7 12 10 12 13 0 18 18 15 18 19 15 24 24 15 24 25 26 27 30 28 
2 4 4 0 4 4 4 7 10 8 7 13 11 13 16 14 13 19 20 17 24 24 24 20 24 27 25 27 30 28 
2 0 2 2 6 4 
3 3 0 3 6 4 3 9 7 9 13 13 10 9 18 18 18 9 20 18 20 20 25 25 22 20 28 26 
3 3 0 3 3 
3 3 0 6 6 3 6 7 3 11 13 13 3 13 16 14 13 17 18 19 20 20 
9 3 1 3 6 4 8 9 0 9 10 9 9 
2 0 2 5 3 2 11 11 11 11 6 11 12 
3 3 0 3 6 4 3 9 3 9 15 15 15 15 9 17 15 15 20 15 22 20 22 22 22 27 25 
2 0 2 5 3 5 8 6 10 2 12 10 18 15 2 15 15 15 
2 0 2 2 7 7 4 
6 6 6 6 6 0 8 6 
5 3 1 5 0 5 6 11 11 11 5 13 11 
2 0 2 3 4 
2 0 2 3 7 7 4 7 10 8 10 13 11 10 14 19 19 19 10 19 24 21 21 19 19 25 
0 3 1 6 6 3 1 9 7 1 12 1 12 13 12 18 18 15 18 21 19 
2 0 2 6 6 2 9 9 6 12 12 9 2 13 14 19 19 19 13 21 19 21 22 13 13 25 29 29 25 32 32 29 32 33 42 40 38 36 40 32 42 40 
6 6 4 2 6 9 9 9 0 9 14 14 14 10 16 14 18 16 16 19 23 23 27 23 24 27 16 27 28 
2 5 5 5 0 5 
3 3 0 6 6 3 10 10 10 6 12 10 10 13 
2 12 4 2 8 7 8 4 8 11 12 0 12 13 12 17 15 21 21 21 17 21 21 25 23 
2 0 2 2 7 7 4 9 7 9 10 11 9 13 
4 4 4 6 6 0 6 6 8 11 6 11 11 15 13 
3 3 0 8 6 8 8 3 13 13 10 10 8 8 17 17 14 
3 3 4 0 6 4 6 6 8 4 16 14 14 11 16 4 16 
4 4 4 0 4 5 8 4 11 11 8 11 14 12 14 15 12 12 22 22 22 18 22 25 23 
12 3 12 12 12 7 5 10 10 7 12 0 15 15 12 12 12 17 18 12 12 23 21 23 26 27 24 
2 0 4 2 
2 0 4 2 4 8 8 5 2 11 16 11 15 15 12 2 16 16 16 21 19 21 24 22 
2 8 2 5 7 5 3 0 8 17 14 14 14 17 16 17 8 17 18 19 20 20 25 25 22 20 20 27 30 28 28 31 27 35 33 
3 3 5 5 0 7 5 5 10 8 5 14 14 15 5 20 20 20 20 15 22 20 
3 3 0 3 4 4 6 
2 0 11 5 11 10 10 10 10 5 2 13 11 13 13 13 18 16 2 21 2 21 22 26 26 21 28 26 33 32 32 33 26 
6 1 6 6 6 0 6 7 
2 0 2 2 2 7 5 5 8 5 10 2 2 15 13 13 18 16 
2 0 5 5 2 8 8 5 11 11 8 8 14 15 2 17 15 17 20 18 26 26 26 26 26 17 28 26 28 31 29 28 35 35 32 
2 0 2 2 6 2 8 6 
9 3 1 7 4 4 9 9 0 9 15 15 14 15 10 17 15 19 17 
25 1 1 1 8 8 8 4 8 12 12 9 12 16 16 13 8 19 8 19 22 19 22 25 0 25 
3 3 4 0 4 5 6 
8 1 4 2 4 5 8 0 10 8 8 14 12 8 20 20 18 20 20 14 20 24 24 21 20 25 26 
3 3 0 5 3 5 6 3 17 11 9 11 14 12 17 17 3 17 21 21 17 17 17 27 27 25 30 30 30 17 30 
3 3 10 5 3 5 8 6 10 0 10 10 15 15 12 10 18 10 18 21 18 18 18 26 26 23 
2 3 0 3 6 3 3 3 3 12 12 21 12 13 14 19 18 19 15 21 3 24 24 21 21 21 28 26 28 31 29 26 35 35 32 
3 3 5 5 0 8 8 3 10 8 10 13 11 16 16 8 16 19 16 16 20 23 21 20 20 25 25 31 31 31 27 
8 1 5 5 2 8 8 0 8 9 10 11 14 12 16 14 
2 5 5 3 12 7 5 7 10 8 12 0 12 12 14 
2 8 4 2 4 8 8 0 8 11 9 
2 6 6 6 4 0 6 11 10 11 7 11 16 15 16 11 
2 4 4 0 4 7 5 4 10 11 8 
5 1 2 5 6 0 2 11 10 11 7 11 12 
2 3 0 3 7 7 4 3 10 12 12 3 12 12 16 14 
3 3 15 3 6 4 3 9 7 11 15 11 14 12 0 15 18 21 18 18 15 21 21 
3 3 0 6 6 3 3 7 3 11 15 11 14 12 3 15 15 17 22 21 22 15 22 25 22 25 
5 3 5 5 0 5 5 7 5 11 9 5 14 5 14 17 15 19 14 19 
2 0 2 2 6 4 
2 14 10 10 7 7 4 10 10 2 12 10 14 0 16 14 16 14 14 14 23 23 20 23 24 
2 0 4 2 9 9 9 9 4 9 10 9 12 15 13 4 18 4 18 22 22 19 22 22 26 24 
3 3 4 0 7 7 4 7 10 8 13 13 10 15 13 
3 3 0 5 3 8 8 5 5 11 9 11 14 12 16 14 21 21 21 21 11 21 25 25 21 
9 4 4 9 4 7 5 9 0 13 12 13 9 13 13 13 
2 9 2 5 3 7 8 9 0 14 14 11 11 9 
16 3 1 3 6 4 8 9 16 9 12 9 12 15 13 0 19 19 16 22 22 19 22 25 16 27 28 29 16 
3 3 7 3 6 4 0 7 10 8 10 13 11 17 17 17 10 19 17 17 23 23 25 25 20 
21 5 5 5 21 7 5 5 10 8 14 14 14 21 14 15 16 19 17 21 0 21 21 25 23 21 21 27 32 31 32 28 32 35 33 
2 8 2 6 6 3 8 0 8 11 9 8 14 8 14 17 15 17 20 18 14 21 24 22 22 27 25 22 22 31 29 29 34 32 21 39 39 39 35 
2 3 0 5 3 5 6 3 10 3 10 14 14 10 14 15 10 21 21 21 10 24 24 21 24 25 29 27 25 
2 0 4 2 
3 3 4 0 4 7 5 
3 3 17 3 6 3 6 6 6 14 12 14 14 17 14 17 0 20 20 17 
11 3 11 11 4 5 10 10 10 11 0 11 12 15 13 11 16 16 20 18 16 26 26 26 26 21 
19 1 4 2 4 7 5 1 1 9 13 13 10 13 16 14 18 19 0 19 19 23 21 26 26 19 28 26 28 31 29 
3 3 4 5 10 5 9 9 6 0 10 11 10 15 13 10 18 10 18 23 23 23 18 27 27 27 23 27 30 28 
2 4 4 5 16 12 6 7 10 11 12 5 15 15 12 0 16 17 26 26 20 20 26 25 26 16 26 30 30 27 
3 3 5 5 0 7 5 5 10 5 10 10 10 13 16 14 13 17 
2 0 2 2 
2 7 2 5 3 7 0 7 7 11 7 7 14 15 12 15 16 12 12 21 19 21 24 21 21 29 28 29 25 
3 3 4 0 6 4 6 6 10 8 10 14 14 10 6 15 18 16 20 15 20 23 21 25 23 25 28 26 30 31 25 31 35 35 32 35 36 
10 1 6 6 6 1 8 6 10 0 13 13 10 15 13 25 18 25 18 21 19 23 24 21 15 25 28 26 28 
5 3 1 5 0 8 8 5 8 12 12 9 5 18 16 14 18 5 18 21 18 21 25 25 22 
6 1 4 2 6 0 
7 4 4 1 6 7 0 9 7 7 13 13 7 13 17 17 14 17 21 21 18 13 25 25 22 
2 0 5 5 2 5 9 9 5 2 13 13 10 2 2 15 16 15 21 21 18 15 25 25 22 25 28 25 28 28 
3 3 41 6 6 3 6 9 7 11 9 11 14 12 11 11 16 20 20 17 3 23 24 3 24 27 25 25 30 28 41 34 34 41 34 37 35 34 38 41 0 43 41 43 43 
2 12 2 2 2 8 8 2 10 8 12 0 15 15 12 15 18 12 21 21 12 21 22 25 23 21 21 27 28 28 27 34 34 31 
2 17 2 6 6 2 6 2 11 11 2 11 14 12 17 17 0 20 20 17 22 20 
9 1 6 5 6 9 6 9 0 9 12 10 9 18 18 17 18 13 9 9 22 20 20 26 26 23 
2 0 4 2 6 4 10 10 10 6 10 11 10 13 10 17 10 28 21 21 28 21 22 23 23 25 25 17 28 32 32 29 
2 0 4 2 4 7 5 4 4 9 12 9 9 15 13 9 9 25 25 22 22 19 25 25 17 27 25 27 30 28 27 33 36 36 36 17 36 36 
6 6 4 2 6 0 6 6 10 8 10 13 11 13 16 14 6 19 6 19 19 21 21 23 27 27 21 27 30 28 27 33 31 
7 5 5 5 1 7 0 10 10 7 7 7 7 13 13 18 18 15 20 18 20 21 22 23 20 28 28 25 28 29 33 33 30 35 25 25 38 36 25 43 42 43 39 43 44 45 45 
27 27 4 2 6 2 15 10 10 15 10 13 11 15 6 15 16 16 20 18 20 21 25 25 22 27 0 29 27 29 32 30 
2 0 2 2 6 4 9 9 2 9 12 9 12 15 12 15 16 19 17 16 22 23 16 25 23 23 
15 6 6 6 6 1 6 7 6 6 13 13 10 15 0 15 15 
5 3 1 5 0 5 6 9 7 5 15 15 12 15 5 15 15 
4 1 4 0 4 7 5 7 7 9 13 13 4 16 16 13 13 19 13 21 19 
3 3 0 3 4 
2 0 2 5 2 5 2 9 2 11 9 11 14 12 
4 4 4 11 7 7 4 7 10 8 0 13 14 11 14 14 20 20 20 14 23 23 11 25 11 27 29 29 11 32 32 29 
3 3 13 3 7 7 4 7 7 9 10 13 0 16 16 13 13 13 20 18 13 23 24 21 13 27 13 27 31 31 13 33 31 33 34 38 38 33 38 41 38 38 42 
8 6 6 6 6 1 8 0 10 8 13 13 10 15 13 13 20 20 20 16 22 20 20 26 26 23 20 30 30 27 
2 3 0 5 3 5 8 6 3 9 
2 3 0 5 3 3 10 10 10 11 3 17 17 17 17 17 11 
2 7 2 5 2 7 0 7 7 11 9 
2 4 4 0 7 7 4 4 11 11 4 14 14 11 17 17 14 17 17 21 19 30 24 30 24 27 25 30 30 21 30 
2 0 4 2 
0 1 1 5 3 5 6 9 7 3 15 13 11 15 3 18 18 15 18 19 20 24 24 19 26 24 18 27 30 28 34 34 34 30 34 35 38 36 30 41 30 43 41 43 48 48 48 44 
2 0 4 2 2 5 
5 1 4 2 11 7 5 10 10 7 0 13 11 11 17 17 11 
2 0 2 7 7 7 3 10 10 2 13 13 10 13 14 17 15 
2 0 5 5 2 7 5 7 10 8 14 13 14 7 16 14 14 19 17 21 2 
5 5 4 5 6 0 8 6 6 13 13 13 6 15 13 13 21 19 17 21 13 23 21 23 
3 3 0 5 3 5 5 7 10 8 12 10 12 13 14 17 15 3 20 3 24 24 24 20 26 24 26 29 26 29 32 30 34 32 
3 3 0 6 6 3 8 6 12 12 12 8 12 16 16 12 16 
2 17 2 2 6 7 4 7 11 11 8 2 14 2 14 17 0 17 18 23 23 23 19 28 28 28 28 23 
17 3 1 7 6 7 17 7 10 8 10 13 17 13 16 13 0 17 18 21 17 17 17 23 23 27 25 
3 3 0 3 3 8 8 5 8 11 9 13 3 13 14 17 15 17 17 21 3 23 21 
5 5 5 5 0 8 8 5 5 12 12 5 12 16 16 12 16 19 17 16 20 23 21 23 27 25 23 23 23 29 33 33 29 33 34 35 36 36 38 
5 3 1 5 0 8 8 5 8 11 8 8 14 8 14 15 19 19 14 19 20 14 25 25 14 28 28 25 30 28 28 31 32 
3 3 0 3 7 7 3 7 11 11 7 11 12 16 16 11 16 19 17 16 16 21 24 21 21 25 21 29 27 29 
3 3 0 3 6 3 6 10 10 6 10 13 10 15 3 3 18 3 20 23 22 23 18 25 23 28 28 23 23 32 32 29 34 32 
2 3 0 3 6 4 9 9 3 
2 0 4 2 2 7 5 2 2 11 9 11 14 12 14 15 11 19 17 
7 3 1 3 6 4 0 9 7 9 15 15 15 15 9 15 20 20 20 15 20 21 20 25 20 25 29 29 25 
2 0 2 5 8 8 8 2 8 11 9 13 2 13 13 18 18 15 23 22 22 23 26 23 26 13 26 30 30 27 
2 3 0 3 3 8 8 3 10 8 12 13 10 8 17 17 8 17 20 17 20 20 25 25 22 22 22 29 22 
4 3 1 0 6 4 6 9 6 9 12 9 12 15 12 15 15 20 20 17 12 23 12 25 23 28 28 25 23 23 30 33 30 33 37 37 33 39 37 30 42 30 44 30 44 47 45 44 50 48 50 50 
3 3 0 3 6 3 6 10 10 6 10 11 14 12 17 17 14 19 17 
5 3 1 5 0 7 5 7 7 5 10 13 10 13 16 13 16 19 16 
5 5 4 2 0 7 5 7 10 7 10 13 10 13 16 13 16 19 16 19 22 19 22 25 22 25 28 25 28 32 32 28 32 35 32 35 39 39 35 13 40 7 45 45 7 47 45 47 47 49 50 51 52 56 56 53 50 59 57 
2 3 0 3 3 7 5 
2 0 2 7 7 7 2 7 10 8 2 13 2 15 13 15 16 17 22 22 22 13 25 25 22 25 25 
3 3 0 5 3 7 5 5 8 5 10 10 12 12 14 14 3 20 20 21 3 25 25 25 21 25 26 27 27 25 33 33 25 33 38 38 38 34 40 45 42 45 45 45 38 48 48 45 
8 1 2 5 3 8 8 0 13 11 13 13 8 13 16 17 13 13 21 21 13 21 24 21 26 24 28 29 26 29 29 33 31 21 36 21 36 39 36 41 39 39 36 45 46 36 46 50 50 46 52 50 52 56 56 53 46 60 60 46 60 63 61 63 66 64 68 66 63 71 63 71 72 76 76 71 76 76 80 88 84 84 84 88 84 88 88 76 
3 3 4 0 4 4 8 4 4 11 9 
11 3 1 1 4 7 5 9 7 9 15 11 14 15 0 15 19 19 16 19 22 20 15 15 24 27 24 27 28 27 34 33 34 30 
2 0 5 5 2 8 8 5 8 9 14 14 14 2 14 15 16 19 17 16 20 23 21 14 14 28 28 25 14 31 29 31 34 32 
3 3 0 3 3 7 5 7 10 8 3 13 11 13 14 17 13 19 17 3 22 20 20 25 23 25 28 26 25 29 23 33 23 23 37 37 34 37 42 42 42 38 
2 5 5 5 0 5 9 9 6 5 12 10 12 13 
2 7 2 5 2 7 0 7 11 11 7 11 11 16 16 11 16 16 16 21 19 
2 0 4 2 4 5 4 9 7 
2 0 2 5 2 5 9 9 5 
4 1 4 0 4 
3 3 0 3 
2 0 6 6 6 2 6 7 8 6 10 11 11 10 17 17 14 10 20 18 20 23 20 23 23 10 10 27 30 28 30 31 34 32 36 37 34 
16 1 1 5 3 5 6 1 10 8 10 14 14 11 16 0 16 17 
3 3 0 3 4 9 9 9 10 3 3 14 14 11 3 3 16 19 17 22 22 16 22 25 23 
16 4 4 16 7 7 4 9 7 9 13 13 10 16 16 0 16 20 20 16 20 23 20 23 27 27 24 29 27 
3 3 0 6 6 3 
3 3 5 5 0 7 8 5 11 11 5 11 15 15 12 12 12 12 18 18 18 23 21 23 28 27 28 24 
2 3 5 5 0 8 8 5 12 11 12 8 
3 3 0 3 4 8 8 5 10 8 10 10 14 12 
3 3 5 5 0 7 5 9 5 9 
3 3 0 3 3 5 3 3 8 9 17 14 14 17 17 17 8 17 17 21 19 
2 0 2 3 6 2 11 9 11 11 6 14 14 11 
8 8 4 2 7 7 8 0 8 9 8 13 8 16 16 13 13 13 20 21 18 18 22 25 18 
2 3 0 3 17 17 8 17 8 12 12 9 12 15 13 17 3 17 
5 3 1 5 0 9 9 9 5 11 9 5 14 17 14 15 5 17 17 
5 3 1 5 0 7 5 10 10 7 
2 0 5 5 2 2 8 2 10 8 12 8 
2 0 4 2 7 7 4 
2 0 4 2 4 7 5 10 10 2 
6 4 4 1 6 0 8 6 8 13 12 13 9 15 16 6 19 19 16 23 23 23 19 23 26 24 26 27 33 31 33 33 35 35 6 
2 0 2 5 2 5 8 5 10 13 10 10 2 13 17 17 14 2 22 21 22 27 22 25 22 27 2 29 27 29 33 33 30 27 36 34 36 37 
2 0 2 5 2 2 2 7 7 11 7 
2 3 0 3 3 7 3 3 3 9 13 13 10 13 17 17 14 
2 0 2 5 2 5 8 6 11 11 5 13 11 11 2 18 18 2 
2 4 4 9 4 5 4 9 0 9 10 11 11 15 16 13 
2 0 2 5 3 2 8 15 8 9 8 11 14 12 2 15 18 16 
6 3 1 5 6 0 9 9 6 
2 0 2 5 3 
2 0 4 2 4 8 8 10 10 5 10 11 10 13 16 14 19 17 16 19 22 19 22 23 
2 0 2 3 6 8 8 4 11 11 2 11 14 12 
3 3 0 3 3 
2 16 4 7 4 5 2 7 10 8 10 14 14 11 16 0 18 16 20 18 20 21 24 18 24 29 28 29 25 31 24 31 35 35 32 
3 3 5 5 0 8 8 5 10 8 13 13 10 
3 3 5 5 0 5 5 7 12 12 12 5 15 15 12 
2 0 2 5 7 7 3 7 10 8 2 16 14 12 16 2 16 19 16 
2 0 2 2 7 7 4 
3 3 5 5 0 7 5 
2 3 0 3 4 8 8 3 10 8 
2 0 4 2 7 7 4 9 7 9 12 14 14 10 2 2 16 20 20 17 20 21 26 26 26 22 26 32 30 32 32 27 
6 3 6 3 4 0 6 6 10 8 10 11 6 15 6 17 15 17 20 18 20 21 25 25 22 21 28 26 31 31 21 31 
9 4 4 1 1 7 5 9 0 9 9 13 9 15 9 
0 4 4 1 1 7 11 7 10 8 5 14 14 11 14 18 18 15 1 21 22 19 22 22 26 24 22 29 27 29 32 29 34 22 34 37 35 37 38 41 39 
2 8 2 3 7 7 4 0 8 11 8 11 12 16 16 13 12 21 21 21 17 21 25 25 22 25 28 25 25 31 29 
3 3 4 0 4 4 8 6 8 9 10 8 12 15 13 15 18 16 13 13 22 23 20 23 24 
2 3 0 3 3 5 3 10 10 7 10 14 14 10 10 17 15 3 20 3 20 27 24 27 24 24 30 30 30 20 
2 0 2 6 6 3 
3 3 5 3 19 7 5 9 10 19 10 10 12 16 16 13 19 17 0 22 22 19 24 22 24 27 24 
2 0 2 10 6 10 6 9 7 2 10 11 10 15 13 
10 8 4 8 6 7 8 1 10 0 10 10 12 
11 1 4 1 4 7 5 7 10 11 0 11 11 11 11 17 15 11 18 21 19 
5 5 4 5 6 0 9 9 6 6 6 11 11 16 16 13 16 17 20 16 20 23 21 
5 3 1 5 0 8 8 5 5 12 12 9 
6 6 6 6 6 0 6 6 10 6 12 10 10 10 14 14 19 19 16 
2 0 4 2 4 5 6 7 2 2 10 10 14 12 18 17 18 14 21 21 18 24 24 21 18 18 26 30 30 27 
0 1 2 3 4 4 
3 3 5 5 0 7 5 10 10 7 12 5 14 12 16 14 14 
2 0 2 3 4 2 8 6 2 12 12 2 12 12 16 14 18 14 
3 3 8 5 3 7 8 0 8 8 10 8 15 15 12 8 8 19 17 21 19 21 22 21 
2 0 2 2 2 7 5 7 2 11 2 11 11 11 16 14 
2 5 2 5 0 5 6 5 
2 3 0 3 4 3 9 9 6 
2 7 2 6 6 3 0 7 
3 3 4 0 4 7 17 17 12 11 12 8 12 16 16 13 4 19 17 19 22 20 
2 4 4 11 6 4 8 4 10 4 0 13 11 11 14 17 15 19 17 21 19 
2 0 11 11 4 7 5 11 11 11 2 14 14 11 14 18 18 15 
2 0 4 2 2 2 8 10 10 2 10 10 12 
3 3 4 6 6 0 6 6 6 6 10 14 14 10 
3 3 0 3 6 4 3 7 7 7 10 13 11 10 14 14 18 16 14 21 19 
3 3 0 6 6 3 8 6 8 11 9 14 14 6 14 15 18 14 
2 0 2 3 2 7 5 7 8 11 15 13 7 15 13 15 15 15 18 21 19 21 
3 3 6 6 6 0 6 7 6 12 12 6 
3 3 0 3 6 7 4 7 8 
2 0 4 2 2 2 8 6 
13 3 8 3 7 7 4 17 8 11 9 8 8 13 16 17 0 19 17 17 22 20 17 17 24 27 25 
2 3 0 5 3 3 8 6 8 9 
2 0 5 5 2 2 8 6 8 11 9 
3 3 12 3 3 3 6 10 10 12 12 0 
2 0 6 6 6 2 6 9 7 9 
2 3 0 3 
2 0 2 3 12 7 12 9 12 12 12 2 12 13 2 19 19 19 27 19 20 23 19 27 27 27 2 27 28 27 32 30 35 35 32 37 32 37 41 41 38 
3 3 0 3 4 10 8 10 10 3 12 10 12 15 13 15 18 19 16 22 22 16 22 25 23 25 28 26 
0 1 2 1 4 
2 0 2 3 6 4 
4 3 4 8 6 4 8 0 8 9 12 10 8 16 16 13 
3 3 6 3 6 0 6 6 6 12 12 13 9 13 16 14 
2 0 2 2 2 9 9 9 12 9 10 2 12 12 16 12 
2 0 2 5 3 2 8 2 10 8 8 
2 0 2 2 6 4 9 9 2 9 9 11 12 11 16 14 16 19 17 21 16 21 25 25 22 
2 0 2 7 7 7 2 2 10 7 12 10 10 15 13 2 19 19 32 25 25 21 22 22 32 25 26 27 31 31 28 2 32 32 32 32 36 36 36 36 36 44 44 41 
2 12 2 5 3 2 8 2 8 11 9 0 12 15 13 18 16 13 
2 0 4 2 6 7 4 7 8 7 15 11 15 15 7 15 20 20 20 16 20 21 
2 0 2 3 2 2 10 10 10 6 2 13 14 17 16 17 2 17 20 18 17 24 24 28 24 27 25 17 30 28 30 31 32 35 32 
3 3 12 3 6 4 8 3 11 11 12 0 12 15 13 12 19 19 12 19 20 19 24 22 28 28 28 24 28 
2 0 4 2 4 7 5 11 11 11 13 13 4 13 17 17 13 19 20 17 
2 0 2 6 6 3 8 6 8 9 2 11 16 16 16 11 18 16 18 18 
2 0 2 7 7 7 2 7 11 11 8 13 7 13 
5 5 5 5 0 5 10 10 10 12 12 5 14 12 
2 3 32 3 4 9 9 9 3 3 12 10 21 16 16 17 12 20 20 17 20 20 3 26 26 3 26 26 28 32 32 0 34 32 36 32 
2 3 0 5 3 3 11 11 11 11 3 11 11 13 11 11 18 11 
2 0 4 2 4 4 8 6 11 11 13 13 2 15 13 18 18 15 
2 0 4 2 
6 4 4 1 6 0 8 9 6 6 6 13 6 15 13 15 16 13 
3 3 5 5 0 5 8 5 
2 0 2 9 6 7 9 9 2 9 10 13 11 
2 4 4 0 4 10 8 10 10 5 12 10 14 12 17 17 12 19 12 19 22 20 19 19 24 24 28 26 31 31 28 31 
4 4 4 0 4 7 4 4 4 11 9 11 14 12 9 17 15 
5 1 5 5 7 7 0 7 7 11 9 13 7 7 16 7 18 23 20 23 23 23 16 23 24 27 7 29 7 29 32 30 34 29 
6 4 4 1 6 0 6 7 6 9 10 
2 0 4 2 2 2 8 6 2 13 10 13 2 15 13 15 18 16 18 21 19 
4 1 4 0 6 4 6 7 4 11 9 11 11 17 17 17 11 17 
2 0 2 2 6 7 4 2 11 11 8 2 2 16 16 13 16 20 20 17 2 23 28 23 26 24 28 2 28 31 28 31 32 33 34 37 41 37 40 37 35 
2 0 4 2 
2 0 2 5 3 8 8 9 2 12 12 9 2 2 16 14 16 19 17 21 16 21 25 25 22 21 29 29 16 31 16 31 34 32 
2 0 4 2 4 5 4 9 7 4 12 4 12 15 13 
2 6 2 6 6 11 6 11 11 11 0 13 11 13 14 11 
2 0 2 2 6 4 8 6 8 9 8 13 11 2 2 15 18 15 18 19 
2 5 4 2 0 5 5 
2 0 2 2 2 7 5 9 2 2 12 2 14 12 12 12 16 16 21 21 18 
3 3 5 5 0 5 6 9 7 
2 0 2 2 6 4 2 7 2 2 10 10 10 16 16 13 2 19 2 21 19 21 21 26 26 23 29 29 21 33 33 33 29 33 34 33 36 
4 4 4 6 6 0 8 6 
2 0 2 2 4 5 2 2 8 8 12 10 8 8 14 14 16 19 17 2 23 23 24 34 27 27 34 27 28 31 29 33 34 2 34 37 35 34 40 41 34 41 
2 6 2 5 3 9 6 9 0 11 9 9 14 12 14 17 15 9 9 19 19 25 24 25 21 25 29 29 26 
2 0 2 2 6 4 9 9 2 9 2 13 2 16 16 13 18 16 20 18 20 23 21 
2 0 4 2 4 7 5 4 10 11 8 13 11 4 16 14 4 19 17 17 22 20 17 17 24 25 24 29 27 
2 7 2 5 2 5 0 9 7 9 14 14 14 10 
2 0 2 3 
2 5 5 5 9 7 5 9 0 9 12 10 9 16 16 13 18 9 9 9 23 23 20 20 26 24 
2 7 4 2 4 5 16 7 10 8 7 15 14 15 7 0 16 17 20 18 20 25 24 25 21 
3 3 5 5 0 8 8 5 5 11 5 11 12 11 16 14 
2 0 2 5 2 2 6 6 10 6 10 2 15 15 2 15 16 17 20 15 20 
2 0 2 2 4 8 8 2 
2 0 2 6 6 3 10 7 8 2 10 10 12 12 2 17 2 17 17 23 22 23 19 
5 5 5 5 7 7 0 
2 0 5 5 2 8 8 2 8 11 12 9 
3 3 0 5 3 3 10 10 10 3 13 13 10 13 16 14 21 21 21 19 10 23 21 27 27 27 29 29 23 29 29 
4 4 4 11 4 4 6 4 4 4 0 11 12 15 13 15 16 24 20 21 22 24 24 11 26 27 24 11 31 31 28 31 32 
2 0 5 5 2 7 2 9 2 9 9 13 11 
2 0 2 2 4 8 8 2 10 8 8 13 11 13 17 17 14 
11 3 5 5 11 5 8 6 11 11 0 13 11 11 17 17 14 11 20 11 20 23 21 20 26 24 
2 3 0 3 4 
0 1 4 1 6 4 
5 5 5 5 0 8 8 5 13 9 13 13 8 13 17 17 14 
2 0 2 2 4 2 6 6 10 8 10 14 14 11 
2 6 2 5 3 0 6 
2 0 6 6 6 2 
3 3 0 3 4 4 9 9 4 9 4 13 4 16 16 13 18 16 
2 0 4 2 6 4 6 7 6 11 9 2 16 16 16 2 19 19 16 21 19 21 21 23 
2 0 4 2 4 7 4 
2 0 2 2 2 8 8 14 8 12 12 9 14 2 16 14 14 14 21 21 14 14 14 23 23 25 23 23 28 28 30 
4 4 4 6 6 0 6 7 8 8 12 7 7 7 19 19 19 19 14 21 19 21 24 22 21 27 21 27 27 31 27 33 31 33 36 34 
3 3 5 5 0 8 8 5 
2 0 4 2 4 7 5 4 22 11 22 11 15 15 12 17 15 17 21 21 18 4 22 22 26 24 
7 1 2 5 2 7 0 9 7 12 12 13 9 13 17 17 14 17 20 17 7 24 24 7 24 27 24 27 28 24 32 30 
4 4 4 5 0 5 9 9 5 9 9 9 9 15 16 9 18 16 
3 3 11 3 4 7 5 9 11 11 0 11 12 15 13 19 18 19 12 19 20 
2 3 13 13 13 8 8 13 8 11 9 13 0 13 14 17 15 17 17 21 19 17 17 26 26 23 26 30 30 27 
5 3 1 5 0 8 8 5 8 11 5 11 12 13 13 15 
3 3 0 3 6 3 
2 0 2 5 3 7 2 9 7 7 7 13 14 11 14 15 15 14 24 24 22 24 24 14 24 27 25 
4 3 4 7 4 7 0 9 7 9 10 9 14 12 
2 0 4 2 2 5 2 
4 4 4 0 4 7 5 9 4 
2 0 2 3 4 3 8 6 
2 0 2 5 3 
3 1 8 3 3 7 5 0 11 11 8 25 15 15 16 11 16 22 22 21 22 25 22 23 16 
2 0 5 5 2 7 5 
2 0 4 2 4 2 8 2 10 8 
3 3 5 5 0 5 5 7 10 8 5 14 14 5 14 18 18 14 18 19 
2 0 2 12 12 7 5 9 12 12 12 2 12 13 16 14 16 19 17 
16 5 4 5 16 5 6 6 14 11 14 14 14 5 16 0 18 16 18 21 19 21 21 21 
2 23 4 5 2 2 10 10 10 6 12 10 2 15 2 17 15 19 17 19 23 23 0 23 23 
2 4 4 10 6 4 6 6 10 0 12 10 12 16 16 13 19 19 12 22 22 19 
2 0 2 2 2 7 5 9 2 2 2 11 14 11 14 15 
2 5 2 3 0 7 5 
15 3 1 3 4 7 15 7 10 8 15 14 14 11 0 15 19 19 16 15 15 26 24 26 26 21 26 26 30 26 32 30 
2 17 2 7 7 7 2 9 7 11 9 13 9 13 17 17 0 17 21 21 18 23 17 23 24 23 29 29 26 23 32 23 34 32 34 34 36 36 
2 3 0 3 3 13 8 6 6 9 12 13 3 13 14 13 13 19 17 21 19 21 
2 3 7 6 6 7 0 7 7 22 10 15 15 15 11 17 15 17 20 21 17 7 22 
2 0 2 2 6 2 8 6 8 9 8 13 11 
2 0 2 5 3 2 6 2 15 9 12 10 15 15 2 17 2 19 17 21 19 
2 0 4 2 6 4 
2 0 2 2 6 4 9 9 6 11 12 9 9 15 13 
3 3 0 7 7 7 3 7 11 11 8 
2 3 0 5 3 5 6 3 11 11 8 17 12 16 16 17 11 17 18 
2 0 2 5 3 2 8 6 8 9 12 2 2 13 17 17 14 19 17 22 22 19 13 13 24 28 28 25 24 29 29 31 43 43 36 43 36 41 38 38 37 43 24 43 43 
3 3 0 3 3 3 6 6 11 11 8 15 15 15 6 15 
2 0 2 5 3 9 9 9 2 12 12 9 12 15 13 15 
2 0 2 2 9 9 9 9 2 9 2 14 14 2 16 14 16 19 17 19 20 23 21 
3 1 11 3 3 7 8 3 8 11 0 11 11 15 13 
12 6 6 6 6 1 10 10 10 12 12 0 12 15 13 
3 1 12 3 4 4 11 9 11 11 6 0 12 12 14 12 20 20 20 16 
3 3 7 3 6 4 0 10 10 7 10 13 11 
2 0 4 2 6 4 6 7 4 11 9 4 12 12 4 17 15 17 22 21 22 2 22 
3 3 6 3 4 0 6 9 7 9 12 10 6 15 13 6 18 19 6 19 20 23 21 26 26 20 26 29 26 29 29 33 31 
8 4 4 1 7 7 8 0 8 
2 0 4 2 7 7 2 11 11 11 7 11 15 15 12 
2 0 2 2 2 5 
16 1 2 3 8 7 8 16 8 9 8 14 14 11 16 0 16 19 17 19 20 16 22 22 26 24 
5 3 4 5 10 8 8 5 10 0 10 11 10 15 13 10 16 21 21 21 16 21 24 22 16 16 26 30 30 27 
2 0 2 5 6 2 
11 1 5 5 2 5 9 9 6 11 0 13 11 11 11 18 18 15 
6 4 4 1 6 0 6 9 6 
2 4 4 0 4 
2 11 2 5 3 5 8 6 11 11 0 11 14 12 
9 3 5 5 9 7 5 9 0 9 12 10 9 16 16 13 16 19 17 21 17 21 
2 3 0 3 6 3 9 9 6 9 12 10 12 17 17 17 13 3 25 21 19 24 24 25 3 25 25 27 31 31 28 31 32 32 31 37 35 37 41 41 38 
2 3 0 3 3 5 3 9 10 3 10 14 14 11 14 17 15 
4 3 4 0 6 4 8 6 8 8 12 10 12 15 13 20 18 4 18 18 20 20 24 22 20 20 26 29 26 29 
3 3 0 3 3 7 8 3 10 8 10 13 11 8 16 8 16 19 17 
3 3 6 6 6 0 10 10 10 6 
3 3 5 5 0 5 9 9 5 5 10 13 11 13 16 14 
2 0 5 3 2 5 8 6 12 12 12 5 12 13 12 17 15 
3 3 9 3 8 8 6 3 0 9 10 9 14 15 16 9 
2 0 2 3 3 7 5 2 11 11 8 14 14 11 16 14 16 16 20 18 25 24 24 25 14 25 25 25 30 28 
13 4 4 1 4 5 6 6 12 12 12 13 0 13 
2 0 2 2 6 4 2 12 12 9 9 13 2 13 13 15 15 19 17 19 20 13 25 25 22 
5 4 4 5 12 5 8 5 8 9 12 0 14 12 12 19 19 19 15 12 12 21 24 22 
2 0 4 2 6 2 8 6 2 9 10 9 14 12 9 20 18 16 16 9 20 21 25 25 22 
2 0 2 6 6 2 13 13 13 13 13 13 2 16 16 13 16 19 17 22 22 23 2 2 24 30 30 30 30 25 33 33 34 30 36 34 36 39 37 
2 5 5 5 0 5 9 9 15 11 9 11 9 15 5 
0 1 5 5 2 5 8 5 
2 18 2 5 3 5 5 5 10 8 3 2 15 15 2 18 18 0 18 19 18 21 22 26 26 23 18 30 30 27 
15 3 4 15 6 4 4 7 10 8 12 10 14 12 0 15 19 19 16 
2 3 0 5 3 11 9 9 11 11 3 13 11 
11 5 5 5 11 7 5 7 11 11 0 11 12 13 14 
7 4 4 1 6 7 27 7 7 11 12 7 12 15 27 15 18 15 15 22 22 19 22 25 23 27 0 27 30 31 33 33 27 35 33 
2 3 0 3 7 7 4 7 10 8 3 11 11 13 11 22 16 21 21 21 17 11 22 22 26 24 
2 0 2 5 3 5 
4 3 4 7 7 7 0 7 10 8 10 13 11 10 14 14 18 16 16 19 19 16 22 23 24 
7 7 5 5 2 7 0 11 11 11 7 11 14 12 11 
2 0 2 6 6 3 6 9 7 3 10 11 12 15 2 18 18 20 20 2 22 20 24 22 
3 3 0 3 6 4 6 9 7 3 10 13 11 20 20 17 20 20 20 10 20 20 22 25 23 10 28 32 28 29 32 10 
3 1 5 5 0 5 6 5 11 11 14 11 14 5 14 14 14 17 18 19 18 23 21 18 26 24 
3 3 0 5 3 5 6 9 5 11 9 
3 3 16 16 6 4 6 9 6 9 10 15 15 15 16 0 16 17 16 16 23 23 20 
2 0 2 5 3 8 8 2 10 8 10 
3 3 20 8 7 7 3 7 11 11 3 13 11 13 14 13 18 16 20 0 20 24 24 21 21 28 28 25 28 31 29 20 20 35 33 33 36 
2 8 2 3 7 7 4 0 8 8 13 13 10 
2 0 2 5 2 5 2 9 2 2 10 11 14 2 18 15 15 2 18 21 19 
2 0 5 5 2 5 
2 3 0 3 4 8 8 5 8 11 8 
2 0 2 3 2 7 5 
4 4 4 6 6 0 6 7 10 8 6 13 20 13 16 14 16 19 17 6 20 23 21 
0 3 1 5 3 
2 10 2 5 3 5 8 6 10 0 10 11 14 12 10 10 16 20 20 17 
5 3 1 5 0 7 5 7 7 9 13 13 10 13 16 14 5 19 17 22 22 19 22 23 22 28 28 22 28 33 30 30 29 28 38 38 38 28 38 39 40 40 44 42 
2 0 2 5 2 8 8 5 5 5 12 10 12 15 13 12 16 16 20 18 10 10 24 22 24 27 25 24 30 28 
15 15 5 5 15 5 8 10 10 6 10 13 10 15 0 18 18 15 18 19 20 23 21 23 23 20 26 29 27 31 29 35 35 35 29 35 
2 0 2 2 6 4 6 7 12 9 9 8 12 12 14 17 15 2 20 18 20 20 20 20 24 27 2 27 30 28 38 34 34 38 34 35 38 30 40 38 38 43 41 
3 3 0 5 3 5 5 9 7 11 5 
3 3 0 3 9 9 6 9 4 11 9 11 14 11 11 17 11 9 9 25 22 19 22 22 22 27 25 27 30 28 32 30 32 35 33 35 38 36 
3 3 6 6 6 0 6 7 8 6 12 6 14 12 14 15 18 16 14 19 22 20 22 23 26 22 26 31 30 31 27 
4 4 4 0 4 4 8 6 4 12 12 9 24 24 24 20 20 17 17 15 24 21 22 4 26 24 24 
4 4 4 0 4 7 5 7 8 
2 3 0 6 6 3 6 7 13 11 13 13 6 13 17 17 14 17 21 21 18 
2 0 4 2 2 5 2 2 10 8 13 13 2 13 13 13 18 16 16 16 22 20 
3 3 0 3 3 7 5 3 10 3 10 13 11 
10 3 1 3 7 7 3 10 10 0 10 11 10 15 13 
3 3 0 3 4 7 5 9 3 3 10 13 10 13 16 14 3 21 20 21 17 24 24 21 21 28 28 25 28 29 
7 7 4 2 7 7 0 7 7 13 12 13 9 
7 1 1 5 3 7 0 7 8 13 13 13 7 15 13 18 18 15 18 21 18 21 21 18 26 18 26 27 28 29 30 33 34 31 
2 0 2 5 2 5 6 2 2 9 10 10 12 13 10 15 10 17 20 18 20 23 20 23 26 23 28 17 30 28 33 33 28 33 33 37 35 35 40 41 38 
3 3 5 5 0 5 5 11 11 11 12 5 12 13 14 14 16 16 13 19 20 23 20 23 23 25 28 25 12 29 30 33 31 
7 7 5 5 2 7 0 9 7 7 12 10 7 7 16 14 16 
5 3 1 5 0 7 5 9 7 9 13 13 9 13 16 13 16 
7 1 5 3 1 7 13 9 7 9 13 13 0 13 16 14 13 17 21 21 18 21 24 22 
2 0 4 2 2 5 2 2 10 2 10 11 17 17 17 17 12 
4 4 4 0 4 5 16 10 10 16 10 13 11 16 16 4 16 
14 1 5 5 2 8 8 5 8 8 10 14 14 0 16 14 16 17 20 14 20 
3 3 0 5 3 5 8 6 5 11 9 
3 3 0 3 7 7 3 7 10 8 
2 7 2 5 3 7 0 7 8 
2 0 4 2 4 7 5 4 11 11 8 8 15 15 12 
3 3 11 3 7 7 4 7 10 8 0 11 11 13 16 14 16 19 17 
3 1 0 6 6 3 8 6 
2 3 0 5 3 
2 0 5 5 2 5 6 9 7 11 9 5 14 2 14 17 15 15 18 2 23 23 2 25 23 
2 0 2 3 4 2 6 
3 3 0 5 3 7 5 9 7 13 12 13 3 13 16 13 16 19 16 
2 5 5 5 0 5 8 10 10 5 10 13 11 10 16 10 21 21 18 18 16 21 24 22 21 27 25 
2 17 4 2 4 2 9 9 11 11 2 11 12 17 16 17 0 19 17 21 22 19 
4 4 4 0 6 4 
2 0 4 2 4 2 
2 0 4 2 
3 3 4 0 8 7 8 4 8 9 10 
6 4 4 1 6 0 6 10 10 6 10 13 11 
2 0 2 5 2 2 9 9 6 2 2 11 11 13 11 17 15 19 17 21 19 24 24 17 26 24 26 32 31 31 32 27 32 32 36 34 
2 0 2 6 6 8 8 2 
2 0 4 2 4 2 
4 3 4 0 4 4 8 4 11 11 8 11 12 8 16 14 
3 3 5 5 17 5 5 9 7 5 13 13 17 17 14 17 0 17 17 21 19 17 24 22 
2 0 4 2 4 9 9 9 5 2 13 13 2 13 16 14 
3 3 9 3 6 3 6 9 0 16 12 16 12 13 16 9 16 17 16 21 16 28 28 26 26 28 28 16 28 29 28 31 34 32 34 38 38 35 
4 4 4 0 4 8 8 5 11 11 5 11 12 15 13 11 19 19 16 16 16 21 25 25 21 25 28 26 
3 3 0 3 4 4 6 
3 3 0 3 3 5 3 10 10 7 3 11 12 16 16 11 11 17 17 17 23 23 20 25 23 27 25 
2 8 2 3 4 4 8 0 13 11 13 13 8 13 13 18 18 15 
3 3 6 3 6 0 6 9 6 6 
2 3 0 3 4 5 3 10 10 17 10 11 11 15 13 17 3 17 18 17 22 20 22 23 
2 0 4 5 2 5 5 5 12 12 12 8 2 2 2 2 2 2 20 2 23 23 20 
3 3 17 3 3 7 3 7 7 7 10 13 10 17 17 17 0 17 17 21 17 
2 0 4 2 2 5 2 9 2 9 9 11 9 9 14 17 15 
3 3 0 3 4 7 5 4 4 12 12 9 3 15 13 3 16 16 16 
3 3 11 7 7 7 11 7 10 8 0 13 11 11 11 17 11 11 11 19 23 23 19 23 26 24 
2 0 2 7 7 7 3 12 10 12 12 2 12 16 14 12 12 19 17 12 22 20 27 27 26 27 29 29 22 29 32 29 35 35 29 
2 0 5 5 2 2 12 9 12 9 12 2 12 
3 1 22 3 4 4 8 6 11 11 8 13 11 11 16 11 16 17 20 18 22 0 24 22 27 27 22 29 27 29 30 31 
5 5 4 5 16 7 5 7 8 7 12 10 12 15 13 17 0 17 17 21 19 
3 3 0 3 4 7 8 4 10 3 
3 3 0 3 3 7 5 7 8 5 5 14 14 11 16 14 18 16 18 21 19 23 3 25 28 25 28 23 28 28 34 33 34 30 34 37 35 
2 0 4 2 8 8 8 4 8 11 9 13 8 8 18 18 18 14 18 21 18 21 24 22 2 27 2 27 30 27 32 30 34 32 32 35 36 39 37 35 35 41 47 45 47 47 41 47 47 47 50 50 50 56 56 53 
2 0 5 5 2 7 8 5 5 12 12 9 14 12 
2 3 13 3 4 4 8 3 13 13 13 13 0 13 13 17 15 19 13 
2 3 0 12 6 12 6 9 7 11 9 3 12 16 16 13 16 17 
2 0 4 2 4 7 5 13 11 11 13 11 7 13 17 17 2 17 20 17 17 17 24 22 24 31 31 27 28 28 25 
3 3 0 6 6 3 6 9 7 20 15 13 14 15 17 17 6 17 20 18 3 26 24 22 26 3 26 27 30 28 
8 3 4 1 8 8 8 0 10 8 8 14 14 11 14 17 15 8 21 21 18 21 25 25 21 18 18 30 30 27 32 30 32 32 34 34 
4 4 4 5 0 5 5 13 10 13 12 13 7 13 17 17 14 
2 0 2 2 2 8 8 11 8 11 2 11 12 13 11 17 15 20 20 15 20 11 24 22 27 27 11 27 28 29 38 38 36 36 36 32 38 30 38 39 
4 3 4 0 4 9 9 9 5 
6 3 6 3 3 7 0 7 7 11 9 7 12 
2 6 2 5 3 0 6 6 6 11 9 15 14 15 6 15 18 16 15 21 22 15 22 25 23 28 28 22 28 31 29 
2 4 4 0 4 7 5 7 10 8 13 13 4 13 13 18 18 15 13 22 22 19 
6 3 1 5 6 13 8 6 8 11 9 13 0 16 16 13 16 19 17 19 20 23 16 31 26 31 26 29 27 31 23 31 31 35 33 37 13 
2 8 2 6 6 3 8 0 8 11 12 8 8 17 17 17 13 17 20 18 8 8 24 22 
2 0 2 5 2 2 6 10 10 7 10 13 11 13 16 14 11 17 18 6 6 23 21 25 2 29 26 29 25 31 29 33 31 31 
3 3 0 3 4 7 5 3 12 12 12 3 12 13 16 14 16 19 17 19 22 19 26 25 26 19 26 26 30 28 30 
2 0 4 5 2 2 8 2 8 13 13 13 9 9 16 14 9 19 17 19 20 19 24 22 
2 13 2 5 3 7 2 12 10 12 12 7 0 16 16 13 16 16 20 18 20 23 21 13 32 25 29 29 32 29 30 13 34 32 34 34 38 36 
5 4 4 5 28 13 6 9 13 12 12 9 5 16 16 13 13 19 17 13 13 21 21 23 21 27 25 0 30 28 30 34 34 31 34 35 
4 4 4 0 4 8 8 9 5 4 12 10 15 15 4 15 15 19 4 22 20 4 4 25 26 23 
17 3 1 17 4 7 5 4 4 9 9 14 14 11 16 17 0 20 20 17 20 20 20 25 23 
2 0 4 2 4 4 9 9 2 12 12 9 12 16 16 12 
5 3 1 5 0 5 9 9 5 13 10 11 9 17 16 17 13 5 5 22 22 19 22 23 26 23 
3 3 4 6 6 0 6 6 8 6 6 11 15 15 11 17 15 17 21 21 18 17 25 25 17 
15 5 4 5 15 5 9 9 6 9 13 13 9 15 0 15 
3 3 14 3 8 8 8 3 10 3 10 11 14 0 14 15 14 17 18 19 20 23 20 28 26 28 28 14 31 31 38 33 37 33 37 37 28 37 28 41 28 41 44 42 41 45 50 47 47 46 46 51 
2 3 0 5 3 10 6 9 10 5 12 10 10 15 13 
4 4 4 0 4 4 6 9 7 13 12 13 9 13 14 17 13 13 18 13 22 23 27 25 27 27 13 
2 0 4 2 4 5 4 7 4 4 4 15 15 15 4 15 20 19 20 2 22 20 30 30 26 24 26 29 27 2 30 31 35 35 32 38 38 30 38 42 42 39 42 42 
2 0 2 2 4 5 9 9 2 11 9 
9 9 4 2 4 7 5 9 19 11 9 11 11 15 13 19 16 19 0 21 19 21 22 23 23 
3 3 0 3 4 8 8 3 8 8 10 14 14 15 11 
3 3 5 5 0 5 
3 3 0 6 6 3 9 9 6 9 10 3 14 18 14 17 15 3 18 18 22 20 
3 3 16 3 8 7 8 4 11 11 16 11 14 12 16 0 16 16 20 18 20 23 21 
2 12 2 5 2 7 8 2 2 2 12 0 12 12 12 12 18 16 18 19 24 24 24 20 24 27 25 29 24 12 33 33 12 
3 3 0 3 3 5 3 9 7 9 10 15 15 15 9 17 15 17 18 19 20 20 20 23 
3 3 0 3 3 8 8 5 13 13 13 13 3 3 16 14 18 3 20 18 20 21 18 
2 0 4 2 2 2 8 6 8 11 9 
8 3 1 5 6 8 8 18 8 8 8 13 11 13 16 8 18 0 18 21 19 18 22 22 24 22 22 29 27 29 29 34 34 18 37 37 18 37 38 41 39 44 44 37 
3 3 5 5 0 5 8 5 11 11 5 13 11 11 11 17 15 
2 0 2 2 2 9 8 9 10 2 14 14 14 16 16 10 16 
2 0 4 2 4 5 4 4 10 4 10 11 10 16 16 10 16 21 21 21 17 24 24 16 24 24 
4 4 4 0 
2 0 2 5 3 2 2 7 
4 4 4 0 4 7 5 10 10 7 10 
4 4 4 0 4 4 10 10 10 4 10 10 4 13 17 17 14 20 20 13 20 23 21 23 
2 3 0 3 
7 1 5 5 2 7 0 7 8 12 12 9 14 12 12 17 15 
2 0 2 3 
2 4 4 6 6 0 6 9 7 6 6 11 11 11 16 14 18 19 6 19 26 26 24 22 26 19 26 
2 0 2 3 4 2 2 9 2 11 9 11 12 13 
2 3 0 3 6 4 
2 0 2 3 2 
2 0 4 2 2 8 8 10 10 2 15 13 15 15 10 17 15 10 
2 3 0 3 4 5 8 6 
4 1 4 0 6 4 6 6 10 8 
2 5 2 3 0 5 6 9 7 15 15 11 14 11 9 18 18 15 18 
5 1 5 5 0 7 5 7 10 8 5 13 5 13 16 13 18 13 20 13 20 
7 3 7 3 6 3 0 7 10 8 7 7 14 12 
4 1 1 0 4 7 10 7 8 4 13 13 10 10 16 10 16 16 20 18 16 21 25 25 22 36 36 36 36 29 30 33 30 30 34 21 36 40 40 37 
2 0 4 2 4 5 8 1 8 8 18 18 16 15 16 12 18 2 18 19 18 25 25 23 21 
4 3 4 12 6 4 9 9 4 9 10 0 12 12 16 14 12 22 22 19 22 17 24 22 
2 0 5 5 2 5 8 11 11 11 5 11 12 16 16 2 16 17 25 25 22 25 24 25 16 2 28 2 30 28 30 33 31 36 36 30 28 28 
6 6 6 6 6 0 6 7 8 6 12 10 14 12 12 17 15 17 18 19 18 24 24 21 24 29 29 29 24 17 30 31 35 35 12 37 35 37 38 39 6 45 45 45 6 45 46 45 45 49 52 45 
2 0 4 2 6 2 6 9 7 6 10 16 12 16 16 11 19 19 16 19 20 
2 0 2 3 2 8 8 18 8 8 13 13 10 18 14 18 18 2 20 18 18 23 21 
2 0 4 2 
2 0 5 5 2 
5 4 4 5 0 7 5 
2 0 7 7 6 7 2 7 10 8 12 10 12 13 12 19 18 19 15 
4 1 1 0 4 9 8 9 5 11 9 13 11 13 18 17 18 14 18 21 19 
2 0 2 2 7 7 4 10 10 7 
4 1 1 0 
2 12 4 2 4 9 9 9 5 12 12 0 14 12 12 
3 3 0 5 3 7 5 3 3 9 12 10 9 16 16 13 22 22 20 18 22 9 22 22 26 24 
2 0 2 5 3 9 9 9 2 9 9 11 9 
2 0 5 5 2 
2 0 2 7 6 7 3 
2 12 4 7 7 7 2 7 10 8 7 14 14 0 17 17 14 19 20 21 14 
7 4 4 7 4 4 0 7 7 11 9 7 
2 5 2 5 0 5 8 5 8 11 9 
5 3 1 5 0 5 5 5 10 8 
3 3 5 5 0 9 6 6 5 
3 3 0 3 4 5 
2 0 2 3 
4 4 4 7 6 4 0 7 8 9 8 8 16 15 16 12 16 19 16 
2 0 2 2 8 7 8 4 2 11 13 13 2 13 14 19 19 19 15 19 20 19 
2 0 2 3 11 11 11 11 10 11 2 11 12 15 11 17 11 19 17 2 24 24 24 26 26 2 28 26 31 31 28 28 28 33 36 34 
4 3 4 0 8 8 8 4 4 11 4 11 14 11 
2 0 2 3 2 8 8 5 10 8 12 10 
2 0 2 6 6 3 2 7 11 11 2 11 14 12 
2 11 2 2 2 5 10 10 10 11 0 14 14 17 14 15 11 17 17 23 23 23 19 
4 3 4 0 4 9 8 9 5 9 4 11 11 15 13 18 18 15 18 19 22 15 22 22 24 28 28 25 
2 0 2 2 6 4 
2 6 2 5 3 0 6 9 7 
2 3 0 6 6 3 6 10 10 3 
2 0 2 2 4 5 
2 0 4 2 4 7 5 4 12 12 12 8 4 13 16 13 16 19 17 24 24 24 24 13 24 24 29 29 24 29 
4 3 4 7 6 7 0 7 7 7 10 10 14 12 16 17 14 7 20 21 7 21 24 21 24 29 29 29 25 21 32 30 
3 3 5 5 0 5 8 6 
2 10 8 6 6 3 6 10 8 0 
2 0 4 2 6 4 6 9 7 
2 0 2 5 2 2 8 6 10 8 13 13 10 13 16 13 
3 3 0 3 3 9 9 9 5 
6 4 4 6 6 0 8 6 10 14 14 14 14 8 14 20 18 20 20 8 34 34 25 25 22 25 26 29 25 29 32 30 34 20 34 38 38 34 38 41 39 
2 0 2 5 2 
2 0 2 5 2 8 8 5 8 2 12 2 12 15 13 22 20 20 20 22 22 12 22 22 24 24 22 30 30 27 35 33 35 35 22 35 38 36 38 
3 3 13 3 6 4 8 13 11 11 13 13 0 15 13 13 18 16 13 21 22 13 22 23 23 
2 0 2 2 6 2 6 10 10 7 
2 0 5 5 2 8 8 5 2 11 9 11 14 12 
4 4 4 12 6 4 4 9 7 12 12 0 12 17 16 17 13 20 20 17 
4 1 2 0 11 8 8 11 8 11 4 13 11 13 14 15 13 19 13 19 4 25 25 25 4 27 28 25 
2 0 2 2 2 7 5 7 8 8 13 13 10 13 16 14 16 19 16 19 22 19 
2 0 2 3 2 11 11 9 11 11 2 11 12 15 13 15 18 16 20 11 20 21 22 25 23 
2 0 4 2 2 7 5 2 10 2 13 13 10 15 13 15 18 16 18 19 18 24 24 16 24 25 26 
2 4 4 0 4 5 5 4 8 4 15 15 15 15 4 15 20 20 20 16 15 15 22 23 24 22 29 29 4 29 34 33 34 29 37 37 44 39 40 44 44 44 44 29 44 47 45 52 50 52 52 44 29 55 29 55 58 56 67 61 58 63 61 61 66 67 61 67 68 69 
2 0 2 2 2 5 8 6 
3 3 0 6 6 3 6 10 10 7 10 11 14 10 14 18 18 15 18 21 19 
3 3 8 3 6 4 8 0 8 8 12 10 8 15 8 17 15 17 17 17 22 20 
9 1 4 2 4 7 5 9 0 17 12 17 12 15 13 17 9 19 17 17 17 21 25 25 22 25 28 26 30 9 30 31 35 35 30 35 9 39 42 42 42 9 42 45 43 45 46 42 48 52 52 48 52 53 
2 3 0 3 10 10 6 9 10 3 10 11 14 12 
2 0 24 11 6 24 8 6 6 11 6 6 15 15 12 12 19 19 16 21 24 24 24 2 24 24 28 26 28 29 
3 3 0 3 4 7 5 7 4 12 12 9 16 16 16 12 16 19 17 
3 3 0 3 
7 4 2 1 4 7 0 7 8 7 12 10 7 15 16 7 16 
12 1 4 2 6 12 9 9 6 12 12 0 12 16 16 13 18 16 18 21 19 25 25 25 16 25 29 29 30 25 
6 3 1 5 6 0 8 6 8 8 12 10 6 15 16 6 16 20 20 17 16 25 25 25 16 27 25 27 28 25 32 30 32 35 33 
3 3 0 5 3 3 11 11 11 11 12 3 12 12 
2 0 7 7 4 5 2 7 10 8 17 13 17 13 16 14 2 19 17 19 23 23 2 25 34 29 29 29 25 31 34 31 32 2 34 
2 5 5 5 0 5 16 9 16 11 9 11 11 15 13 6 16 20 20 17 16 23 16 23 23 
7 4 4 1 4 7 0 7 10 7 13 13 10 13 17 17 14 13 18 19 18 18 24 22 
3 3 0 5 3 
2 3 0 3 8 8 8 3 10 8 10 13 11 15 16 8 8 8 18 18 23 23 24 20 27 27 24 27 30 31 28 34 34 27 34 37 35 27 27 41 39 39 44 42 
3 3 4 0 8 7 8 4 8 11 9 4 15 15 19 15 18 16 4 24 23 23 24 19 19 19 28 26 
2 4 4 0 4 4 8 6 
6 4 4 6 6 0 6 6 11 11 8 6 14 12 14 17 15 
3 1 0 3 3 5 5 
3 3 0 3 3 3 3 10 10 3 10 11 10 15 13 10 
2 4 4 0 4 
3 3 4 7 7 5 0 7 7 9 12 10 16 16 16 12 
7 5 5 5 7 7 0 11 11 11 7 13 11 11 16 14 11 21 20 21 17 25 25 25 21 25 28 26 
3 3 4 0 4 8 8 4 11 11 8 8 14 12 
4 3 4 19 4 7 5 4 8 13 13 13 19 13 18 18 18 14 0 22 22 19 22 23 
3 3 7 3 6 4 18 7 10 8 10 11 14 18 14 15 16 0 18 18 22 20 18 26 26 23 18 18 32 31 32 18 32 35 33 18 36 36 40 38 36 44 44 41 
2 3 0 3 6 4 
2 0 2 2 2 8 8 5 2 2 10 10 10 13 10 15 15 17 20 15 15 15 25 25 22 25 28 26 30 15 33 33 30 35 33 33 43 39 37 37 42 40 2 43 47 47 43 
0 1 1 3 3 5 
3 3 4 0 4 5 6 4 11 11 8 11 14 12 
4 4 4 0 4 7 5 10 10 12 12 15 14 15 7 15 19 19 15 19 22 20 
7 3 1 3 6 4 9 7 0 12 12 9 9 15 13 15 19 19 16 13 13 21 22 22 27 27 13 27 30 28 
2 0 2 5 2 2 2 7 8 7 10 13 7 17 17 17 13 
7 3 1 6 6 7 0 9 7 9 13 13 10 13 14 
2 7 2 3 3 5 0 7 8 8 
4 1 1 0 4 8 8 5 4 11 9 11 12 17 17 17 12 12 21 21 18 21 24 22 
10 1 2 10 4 5 5 9 7 0 10 13 11 10 14 
3 3 0 5 3 8 8 5 3 12 12 9 
2 0 2 5 3 5 9 9 6 2 2 11 11 15 13 
2 15 2 2 2 9 9 9 5 12 12 15 12 13 0 15 18 16 15 21 19 
2 0 2 5 2 2 6 9 6 6 12 10 6 16 16 13 6 6 18 21 19 
2 0 2 7 7 7 2 2 10 11 8 
3 3 8 5 3 3 8 0 8 8 8 11 12 13 11 11 18 16 16 16 20 20 24 22 
2 0 2 2 
3 3 0 5 3 3 3 7 7 7 12 10 23 23 18 17 18 23 18 22 22 19 7 23 26 24 
2 7 7 3 6 4 0 7 10 8 7 7 12 12 16 19 19 17 14 
3 3 0 3 3 9 9 9 5 
6 1 1 6 4 0 6 6 6 13 13 13 9 
3 3 0 3 4 7 5 4 8 
3 3 5 5 0 10 10 10 10 5 10 13 11 10 
2 3 0 3 7 7 4 7 12 12 12 8 
2 0 2 2 8 8 8 2 8 
2 0 2 2 6 4 
2 3 0 5 3 3 3 3 8 11 8 
10 5 5 5 1 9 8 9 10 0 10 13 10 15 10 10 18 10 18 21 19 25 25 25 18 25 18 30 30 27 32 30 32 33 34 
2 0 2 5 2 
2 0 2 6 6 3 
2 0 2 3 2 5 8 6 
12 4 4 1 12 5 8 6 11 11 12 0 12 12 17 17 14 
9 1 2 5 9 5 5 9 0 11 9 9 9 13 16 14 
2 3 0 3 7 7 4 7 11 11 7 11 15 15 11 15 19 19 16 19 
8 4 4 8 4 7 5 0 8 13 13 13 9 13 16 14 
2 0 5 5 2 5 10 10 10 5 
2 0 2 2 7 7 4 2 8 8 12 10 8 8 14 17 14 14 21 21 18 
2 3 0 3 3 7 5 3 8 9 8 13 11 11 14 
5 1 2 5 0 5 6 
2 3 0 3 6 3 6 6 10 8 6 11 12 
5 3 1 5 0 5 6 9 7 
3 3 0 3 7 7 3 7 3 11 12 3 
2 3 0 5 3 3 8 3 8 9 9 14 14 9 14 21 21 21 21 21 8 21 21 23 26 24 29 29 30 26 
2 0 2 5 7 7 2 7 8 9 12 9 
2 3 0 5 3 
2 10 10 3 6 4 6 9 7 0 10 13 11 15 10 15 18 16 18 19 
5 1 2 5 0 5 5 9 7 7 12 7 12 17 17 17 13 
3 3 5 5 0 
2 0 2 5 2 5 11 11 10 11 2 11 11 16 16 13 13 19 17 
3 3 7 3 6 4 0 7 7 12 12 9 
2 0 4 2 2 7 5 2 12 12 12 2 12 12 14 14 
2 5 5 5 0 5 
2 5 2 3 0 8 8 5 10 8 10 10 12 13 16 8 16 17 20 16 5 21 22 
9 1 5 5 2 7 9 7 14 12 12 9 14 0 14 15 18 16 14 22 22 19 19 25 23 19 26 27 28 28 28 34 34 31 34 37 35 31 31 41 39 39 44 42 
2 0 6 6 6 2 6 9 7 
2 3 0 3 4 5 
2 0 2 5 3 
2 3 0 7 6 7 3 
2 0 2 3 2 2 9 9 27 11 13 13 9 13 16 13 22 22 22 22 22 13 24 22 24 25 2 27 27 27 
2 0 4 2 2 7 2 7 7 11 9 11 14 12 
2 0 2 3 4 2 8 6 6 11 9 
6 1 1 3 1 0 6 10 10 7 10 11 6 6 16 6 19 19 16 16 16 23 16 23 23 28 28 25 23 29 29 31 32 29 
2 0 2 3 2 2 13 13 8 8 13 13 6 15 13 
3 3 4 0 4 4 6 6 8 11 9 11 14 12 
3 3 0 3 4 8 8 3 
2 0 2 2 2 2 9 9 6 2 15 11 12 15 2 15 18 16 15 19 
17 17 6 6 6 17 6 9 10 17 10 11 10 15 13 17 0 17 20 17 20 21 
2 0 2 5 2 2 2 9 2 9 14 14 14 10 9 17 9 
6 3 1 5 6 0 6 9 7 9 12 10 6 6 16 14 14 19 17 
5 3 1 5 0 7 5 7 7 7 12 10 5 16 14 5 18 16 18 21 19 
6 3 1 5 6 0 6 
2 0 4 2 4 
2 0 2 5 3 2 8 6 2 11 9 
2 3 0 3 4 3 8 6 8 9 8 13 8 13 17 17 14 
4 4 4 6 6 0 8 6 8 6 12 6 15 15 12 12 19 19 12 28 22 25 24 25 28 28 28 19 28 29 
3 3 0 6 6 3 8 6 8 9 8 11 12 8 16 14 3 19 21 21 3 24 24 21 
2 0 2 3 3 7 3 7 11 11 8 14 14 11 17 17 18 11 20 2 20 21 25 25 20 27 25 27 28 27 30 31 31 35 27 35 38 36 38 41 39 41 44 41 
2 0 4 2 7 7 4 7 10 7 15 15 15 15 7 18 18 15 18 19 
2 3 0 3 6 3 8 3 11 11 8 11 12 3 17 17 3 19 17 25 25 25 25 25 17 25 26 27 
13 4 4 1 7 7 13 7 12 12 12 8 0 15 13 13 18 13 18 21 19 26 24 26 26 18 26 26 30 28 26 34 34 35 36 31 
13 1 2 5 3 5 8 6 10 13 13 13 0 13 16 13 13 19 21 21 13 21 21 25 23 
2 3 0 3 7 7 3 9 7 9 12 10 7 15 18 15 16 7 18 21 19 18 22 23 28 27 28 24 
2 3 5 3 0 7 5 11 11 11 7 11 12 15 5 5 24 19 17 22 20 17 24 5 24 25 25 30 30 24 39 33 39 33 34 37 35 39 30 41 39 41 41 41 46 44 49 49 46 51 49 53 51 
2 0 4 2 4 7 5 7 11 11 8 2 15 15 19 15 19 19 2 22 22 19 22 23 
2 14 2 5 2 10 8 9 10 14 10 10 14 0 14 14 18 16 
2 0 4 2 4 7 5 4 11 11 8 11 12 13 13 13 16 16 2 21 2 21 21 23 21 27 25 29 27 39 39 34 34 31 34 37 35 39 21 39 40 41 46 46 46 42 
6 3 1 5 6 0 6 
2 4 4 0 6 4 4 4 8 8 12 10 4 17 16 17 20 17 20 4 20 24 24 20 24 25 
2 0 4 2 4 8 8 5 8 12 12 9 9 9 14 17 15 8 
4 4 2 0 8 7 8 4 8 9 12 10 12 15 13 15 19 19 16 
5 5 2 2 14 7 5 7 8 9 9 13 11 0 14 18 18 14 22 22 22 18 31 31 26 24 26 27 30 31 22 31 32 36 36 33 32 39 37 31 42 45 42 43 31 45 45 49 47 
2 3 0 3 4 4 3 10 10 18 10 13 10 10 18 17 15 3 21 21 18 21 24 22 21 27 25 
2 0 2 5 3 2 2 7 10 8 10 11 7 15 13 
2 0 4 2 4 5 2 9 7 2 2 11 11 15 13 
2 0 4 2 4 5 
3 3 10 3 6 3 9 9 10 0 10 11 10 16 16 10 16 20 20 17 20 21 16 25 16 16 28 26 28 
3 3 0 5 3 8 8 3 8 11 8 13 11 13 
5 3 1 5 0 
2 0 6 6 6 2 9 9 2 
2 0 2 5 3 
2 0 5 5 2 5 6 
4 1 1 0 4 7 5 4 
4 1 4 0 8 8 8 4 4 11 4 11 11 
3 3 4 0 7 7 4 7 10 7 
2 0 2 5 2 8 8 5 10 8 
5 5 5 5 0 5 6 
2 0 4 2 4 4 4 7 7 11 9 
2 0 2 3 6 4 6 9 7 9 10 13 6 15 2 15 
2 0 2 3 2 2 6 9 7 
2 0 2 3 6 4 8 2 2 11 2 11 
7 1 5 5 2 7 0 9 7 9 9 14 14 11 14 15 
3 3 5 5 0 7 5 
11 4 4 1 8 8 6 4 11 11 0 13 11 16 16 11 18 16 
2 7 2 3 2 5 0 9 7 
3 3 0 3 6 4 
2 0 2 5 3 2 6 7 
7 3 1 7 4 4 0 9 7 7 14 11 11 7 14 17 15 20 20 14 25 25 22 23 20 25 28 26 25 32 32 25 34 32 36 32 36 36 40 38 
2 0 2 3 2 
5 5 2 3 0 7 5 10 10 5 12 5 5 16 16 5 18 5 
2 0 5 5 2 2 2 9 7 2 2 11 11 15 13 
7 4 4 7 4 5 8 0 12 11 12 8 
2 0 2 2 2 5 6 
2 0 2 3 2 
2 3 0 3 4 5 5 3 10 8 10 11 16 16 16 10 16 17 22 22 22 16 30 30 30 30 30 29 30 16 30 31 34 32 
4 4 4 0 4 
2 0 4 2 
10 3 1 3 8 5 5 10 10 0 10 10 14 12 14 15 
2 3 0 3 3 7 9 9 3 9 10 
2 0 2 3 
3 3 0 5 3 5 9 9 5 3 12 10 
2 0 4 2 4 
4 1 4 0 4 4 
2 3 0 5 3 5 5 7 
2 0 2 5 3 
2 0 4 2 2 2 2 
3 3 0 5 3 5 5 
5 5 5 5 0 5 5 7 
2 0 4 2 6 4 8 6 8 11 9 
4 1 4 0 7 7 4 7 10 4 
2 0 2 3 2 2 6 
3 1 0 3 4 8 8 5 
2 0 4 2 4 5 4 9 7 11 4 13 11 
5 5 2 2 6 0 6 6 6 6 12 6 
2 0 2 3 7 7 4 7 7 9 10 13 10 3 3 15 19 19 16 21 19 26 26 23 23 21 21 29 27 29 32 30 
3 3 0 3 4 3 8 3 8 11 9 
11 3 1 5 11 5 8 6 11 11 0 11 16 16 16 12 
2 0 2 5 2 7 5 7 7 9 7 11 11 15 13 13 16 22 22 22 22 17 
15 7 4 2 7 7 1 7 8 8 7 11 15 15 0 15 15 15 22 22 22 23 15 23 28 27 28 23 28 23 32 30 34 32 36 34 34 32 40 38 38 44 44 41 44 47 45 
2 3 0 3 6 3 
3 3 4 0 15 7 13 9 12 12 12 7 15 15 4 
2 0 2 3 2 5 2 9 2 9 12 10 
3 3 5 5 0 5 
3 3 0 3 6 4 3 7 7 9 9 11 12 15 11 17 15 
5 3 1 5 0 5 5 5 8 12 12 9 12 13 9 17 15 
3 3 5 5 0 
3 1 0 7 7 7 3 7 11 11 8 
2 0 4 2 2 15 8 2 8 11 9 8 12 8 8 15 18 16 
2 0 2 2 4 4 2 9 10 2 12 10 12 13 14 14 12 20 20 17 20 23 21 20 26 20 26 29 27 29 
2 3 0 5 3 3 8 3 8 11 9 15 15 15 16 11 16 20 20 17 20 
2 0 2 5 3 5 6 10 10 2 10 13 11 15 13 18 18 10 18 19 22 18 
3 3 0 3 3 5 10 10 8 3 12 10 15 15 12 17 18 15 15 19 15 21 
3 3 11 3 7 7 4 10 10 11 0 11 11 15 13 11 11 11 21 21 24 21 22 11 24 24 29 29 26 29 32 30 
3 3 0 3 3 5 3 10 10 7 
3 3 14 3 6 3 9 9 6 9 13 13 10 0 17 17 14 17 20 18 
3 3 0 3 6 4 3 7 8 18 12 9 12 13 16 14 12 12 20 21 18 21 24 22 21 25 26 31 31 31 27 26 26 35 33 
2 0 2 5 2 5 6 2 10 2 10 15 15 15 11 17 15 17 18 22 22 15 
5 3 5 5 12 7 5 7 11 11 12 0 12 12 
2 6 2 6 6 0 6 6 10 8 6 15 15 15 6 17 15 17 21 21 18 
3 3 16 3 4 9 9 7 5 12 12 16 14 16 16 0 16 19 17 19 22 20 16 16 24 27 25 27 30 27 32 30 32 35 33 
3 3 8 3 4 8 8 0 8 13 13 13 9 
2 0 4 2 6 2 6 10 10 6 
4 4 4 0 6 4 6 10 10 6 4 14 14 16 16 4 18 16 20 16 22 20 25 25 22 22 28 26 22 22 30 33 34 30 37 37 30 37 40 38 37 43 41 
6 6 4 6 6 10 6 9 10 0 10 13 11 10 14 17 15 10 20 10 22 20 24 22 24 20 28 26 28 28 
2 6 4 2 4 7 0 7 
3 3 12 3 3 7 8 12 8 12 12 0 12 15 13 18 18 12 12 21 12 21 22 22 26 12 28 26 
2 3 5 5 0 5 5 9 7 5 12 10 10 10 17 17 10 17 20 18 22 23 5 23 
2 3 10 3 6 3 6 9 7 0 13 13 10 16 16 10 18 16 
3 3 10 5 3 5 6 9 7 0 12 10 14 15 16 12 10 19 20 10 20 21 30 25 29 27 29 29 22 29 30 33 31 30 30 39 39 39 35 35 42 40 
5 1 4 1 0 5 5 5 12 12 12 21 12 15 12 17 15 17 18 21 5 27 25 25 27 27 21 27 28 31 29 27 34 27 36 34 38 36 38 41 39 41 
2 3 0 5 3 3 3 9 7 7 12 10 17 17 17 17 7 19 17 17 20 21 25 25 21 28 28 25 30 28 
2 0 7 7 4 4 2 7 10 7 13 13 2 13 16 17 13 
2 0 2 6 6 2 8 6 8 9 27 14 14 27 14 19 19 19 27 19 22 20 22 26 26 23 2 30 30 27 30 33 30 
2 0 2 2 4 2 2 7 10 8 10 11 7 15 13 18 18 15 20 18 23 23 20 23 28 28 28 24 28 
3 3 0 6 6 3 3 9 7 3 20 15 15 15 11 15 19 19 16 3 22 20 20 
2 3 13 3 3 3 9 9 6 9 10 13 0 15 13 19 19 19 13 19 22 20 
4 3 4 0 6 4 4 12 8 8 12 4 12 12 
2 3 0 3 
22 1 2 5 3 2 8 2 10 8 14 14 14 2 14 17 15 17 21 21 18 0 22 25 23 22 28 26 22 37 37 33 31 33 34 37 22 37 38 37 
4 1 2 0 7 7 4 7 8 8 8 13 11 13 13 8 19 19 16 
5 1 5 5 7 7 23 9 7 9 14 14 14 10 16 14 16 16 21 21 18 23 0 25 23 25 29 29 26 29 32 30 25 33 34 34 33 33 38 41 39 38 44 42 
2 4 4 0 4 5 4 10 10 7 4 4 12 13 13 15 18 12 20 18 18 23 21 4 27 27 4 27 27 
3 3 0 5 3 3 8 6 3 18 10 11 14 12 11 17 15 3 22 22 22 18 18 25 23 
2 0 2 9 9 5 8 9 2 9 9 13 11 
5 5 4 5 6 0 6 
4 1 4 0 6 13 6 7 6 9 12 10 4 13 16 14 
2 0 2 5 2 5 2 13 8 9 10 11 2 13 13 13 19 19 16 
3 1 4 8 4 5 8 0 8 8 12 10 8 17 17 17 8 17 20 18 24 24 24 17 24 24 
3 3 0 3 6 3 13 12 12 12 12 3 12 
3 3 9 6 6 3 8 6 13 9 13 13 0 
3 3 6 3 3 0 8 6 10 8 13 13 10 6 16 17 6 17 18 21 19 17 17 23 23 27 25 
2 0 4 2 2 2 8 6 6 9 12 2 
3 3 4 0 6 4 8 4 8 8 10 
10 5 5 5 1 7 8 5 8 0 10 10 14 15 10 15 
8 1 1 1 6 4 8 0 8 8 12 10 8 13 13 13 18 16 13 13 20 
2 0 9 6 6 9 6 7 2 9 12 10 9 9 14 14 18 16 
3 3 0 5 3 3 6 3 3 9 13 13 10 15 16 9 18 16 
2 11 11 6 6 7 3 9 7 11 0 11 16 15 16 12 11 20 20 17 20 21 22 27 27 27 20 27 27 31 29 34 34 35 27 
2 12 2 6 6 2 6 9 7 11 12 0 12 12 12 17 18 12 18 18 22 20 
6 4 4 1 6 0 10 10 10 6 6 6 17 15 17 17 12 17 20 18 
2 0 2 2 4 2 10 10 10 6 
2 0 2 5 3 2 2 7 7 12 12 9 16 15 16 12 16 17 16 21 19 
3 3 9 3 4 7 5 9 0 9 10 9 9 13 
2 4 4 0 4 5 4 9 4 12 12 9 12 
3 3 12 3 7 7 4 3 10 8 12 0 12 15 13 12 20 20 20 16 
2 0 4 2 
4 4 4 0 4 8 8 4 10 4 10 13 10 
2 0 4 2 2 7 5 
3 3 0 5 6 3 3 9 3 11 9 11 
3 3 0 3 6 4 6 
13 1 4 13 4 4 9 9 4 9 13 13 0 13 14 15 16 17 13 21 19 13 25 25 13 25 25 
4 4 4 0 4 5 6 4 10 8 13 13 4 13 13 13 13 17 21 21 18 17 24 22 
2 0 2 2 7 7 4 2 10 11 8 13 11 16 16 2 18 2 18 19 19 18 24 18 2 2 28 26 
3 3 0 3 3 7 5 3 8 11 9 3 14 12 14 17 15 
3 3 5 5 0 7 5 15 10 5 12 10 10 15 10 15 16 19 17 15 22 20 
4 4 4 0 6 4 4 9 7 13 13 13 4 13 14 15 18 16 18 22 22 19 18 25 23 
3 3 0 6 6 3 
3 1 0 3 10 7 10 10 10 3 10 11 
2 0 8 8 8 8 8 2 11 11 8 13 11 
2 0 2 5 2 2 8 6 12 12 12 14 14 2 16 14 18 16 18 21 18 21 
2 3 0 5 3 
2 0 2 2 7 7 2 7 10 8 
2 9 5 5 9 7 5 9 0 11 9 9 14 9 17 17 14 17 20 9 22 23 9 23 23 25 31 31 31 31 23 33 31 33 37 37 34 
3 1 0 3 6 4 3 9 3 9 10 14 14 9 16 14 16 17 14 21 19 21 24 22 
4 4 4 0 4 5 8 6 4 12 12 9 4 16 16 4 18 16 16 16 20 
2 0 4 2 6 4 2 9 2 2 13 13 2 13 17 17 13 
3 3 0 3 3 7 5 3 10 3 10 
5 5 5 3 0 5 6 
3 3 6 3 4 0 6 7 
0 3 1 3 9 9 9 9 3 
3 3 10 5 3 7 5 5 10 0 10 
2 7 2 5 3 7 0 12 8 8 12 7 12 12 17 17 12 17 20 7 20 24 24 21 
2 0 2 2 6 4 6 9 7 2 12 10 10 10 10 15 19 19 16 
4 3 4 5 0 5 5 9 5 13 12 13 9 13 
15 3 1 7 7 7 3 10 10 7 12 13 10 15 0 15 19 19 16 19 20 25 24 19 24 28 28 24 
2 4 4 0 4 7 4 9 7 7 12 10 
5 1 1 5 0 5 8 6 5 12 12 9 5 15 13 15 19 19 16 15 20 15 24 15 24 25 
3 3 0 3 3 7 5 3 8 3 17 13 11 15 17 17 3 17 17 17 22 20 
6 1 4 2 6 0 6 6 8 6 6 11 12 
2 0 4 2 2 10 6 7 10 2 12 10 12 15 12 
3 3 0 3 3 5 
2 0 5 5 2 5 8 6 2 11 9 2 16 16 16 2 20 20 20 16 20 
3 3 8 3 6 4 8 0 10 11 8 13 11 11 17 17 14 17 20 18 
3 3 0 7 7 7 3 7 7 11 9 
2 0 4 2 
2 0 4 2 2 8 8 5 2 2 10 10 10 15 13 15 18 16 23 23 22 23 10 25 23 25 28 26 
3 3 0 3 3 3 6 6 8 8 12 10 12 13 
6 4 4 6 6 12 8 6 10 12 12 0 12 12 16 14 12 19 12 21 19 19 24 22 24 28 28 24 
4 1 4 0 6 7 4 7 4 4 4 4 15 15 4 15 16 17 15 15 22 20 15 26 26 23 26 29 27 29 27 33 31 33 33 26 39 39 26 41 39 
5 3 1 5 0 10 9 9 10 5 10 10 10 16 16 10 16 19 17 19 22 20 16 23 24 25 25 
2 5 5 5 0 7 5 7 8 14 14 14 14 7 17 17 14 17 21 21 18 17 22 
2 0 2 2 6 4 6 7 2 2 10 13 11 13 16 14 10 19 10 21 10 21 24 22 24 25 24 29 27 29 33 33 30 
2 0 5 5 2 5 6 5 2 11 12 2 12 15 12 17 18 21 21 21 12 21 24 22 
2 0 4 2 2 8 8 5 2 13 13 13 9 13 
11 1 5 5 1 5 9 9 6 11 0 11 14 12 16 14 
2 0 4 2 
3 3 5 5 0 5 
3 3 6 6 6 0 6 10 10 6 16 14 14 10 16 14 
3 3 0 3 7 7 4 3 11 11 13 13 3 15 13 15 15 
2 0 7 7 7 7 2 7 7 7 10 2 14 2 16 14 16 17 
7 4 4 1 7 7 0 7 8 8 12 10 7 15 7 18 18 15 18 
2 0 5 5 2 
2 0 2 5 3 2 6 2 10 8 10 13 11 15 2 
2 0 5 5 2 5 10 10 10 6 5 
10 3 10 3 6 3 6 9 7 0 13 13 10 10 16 18 18 14 10 19 27 23 27 23 24 25 10 27 28 
2 0 5 5 2 5 6 9 5 9 10 11 14 11 14 14 16 19 17 10 24 21 21 20 24 25 25 29 27 20 20 31 34 32 36 34 36 36 38 41 38 41 42 42 44 44 46 46 38 51 2 55 52 55 2 2 2 57 60 63 63 63 58 
2 0 2 2 11 7 11 11 11 11 2 13 11 11 16 14 
2 0 4 2 6 2 8 6 2 11 9 9 14 12 14 14 14 19 20 17 
3 3 0 6 6 3 6 6 10 6 6 14 14 11 
2 4 4 11 6 4 4 9 7 11 0 11 12 17 17 17 11 17 20 18 11 32 24 22 27 27 32 27 30 28 32 11 32 35 33 
3 3 0 5 3 3 8 6 
2 11 6 6 6 2 11 7 7 11 0 11 11 11 16 11 11 17 21 21 17 24 24 21 26 24 28 26 
4 4 4 0 4 10 10 10 10 4 10 10 14 12 
3 3 5 5 25 9 9 9 5 9 13 13 10 5 18 18 18 5 18 21 18 21 22 25 0 27 25 30 30 25 32 30 32 37 37 37 33 37 30 41 30 43 41 45 43 45 45 47 
7 3 1 3 4 7 11 10 10 7 0 14 14 11 14 15 16 11 20 11 20 21 24 22 24 28 28 25 31 31 21 31 32 35 33 
6 6 6 6 6 0 6 6 11 11 13 13 6 13 18 18 18 13 
3 3 0 3 6 3 6 7 7 6 13 13 3 17 17 17 13 17 17 21 19 21 24 22 
2 0 2 6 6 3 3 11 11 11 7 2 12 
2 7 2 3 4 7 0 7 
3 3 9 3 6 7 9 9 0 9 12 17 12 17 17 17 9 
2 3 17 3 4 8 8 5 8 11 9 13 17 13 16 14 0 17 21 21 17 21 22 21 26 21 31 31 28 28 26 
3 3 0 5 3 3 8 3 10 11 8 11 14 11 11 15 8 19 8 21 19 21 24 22 24 24 31 29 24 29 29 22 34 32 34 37 35 32 32 39 40 41 42 41 44 44 44 50 50 47 50 53 51 
3 3 0 3 6 4 11 11 11 11 3 11 11 3 16 3 3 20 20 17 20 21 22 23 20 
2 0 4 2 6 4 9 9 4 11 9 9 12 
4 4 4 0 6 4 8 6 4 9 10 11 14 9 4 19 19 19 4 
10 4 4 1 7 7 4 7 10 0 10 11 10 15 13 10 20 20 20 16 
2 0 6 6 6 2 8 2 8 11 9 9 14 15 9 
5 1 1 5 0 5 8 5 10 8 12 8 8 16 16 8 20 20 20 16 
2 4 4 0 6 4 4 9 7 13 13 13 4 13 17 17 13 17 21 21 18 24 24 25 21 
4 4 4 0 4 4 8 6 8 9 4 4 14 12 12 15 16 12 21 21 18 23 21 21 26 24 28 21 21 32 32 21 34 32 34 37 35 32 42 42 42 32 42 
2 0 4 2 2 7 5 
2 0 4 2 7 7 2 7 10 8 2 17 15 15 12 17 2 19 17 19 22 19 22 27 27 27 23 
5 3 1 5 0 5 8 5 8 5 12 15 12 12 5 15 15 17 15 
2 4 2 0 6 4 6 9 7 4 4 13 4 
3 3 5 5 0 9 9 9 11 11 5 
3 3 0 5 3 5 8 6 8 3 12 3 14 12 14 14 14 19 17 19 20 17 24 17 28 28 28 24 31 31 28 33 28 
3 3 0 3 3 8 8 9 3 9 10 11 12 16 16 12 16 16 20 18 22 20 22 25 23 20 26 29 26 29 29 29 32 26 36 34 
7 5 5 5 1 7 0 7 7 11 9 11 11 17 17 17 13 21 20 21 11 21 22 22 21 27 25 27 28 32 32 29 28 35 33 
6 4 4 1 6 17 8 6 8 8 12 10 17 17 17 17 0 20 20 21 17 23 21 17 27 27 28 24 17 17 30 30 32 30 36 34 36 36 36 42 42 39 36 43 46 44 43 49 47 49 52 50 
9 4 4 9 9 5 6 9 0 9 12 10 
2 0 4 5 2 5 8 11 11 11 2 11 15 15 12 15 16 16 20 2 2 21 22 23 
2 3 0 3 3 7 5 7 8 3 12 10 12 15 13 
2 0 5 5 2 5 8 6 8 11 8 2 14 2 14 
3 3 0 6 6 3 6 10 10 6 
2 3 0 3 7 7 3 7 7 9 
2 0 2 2 2 7 5 2 10 2 10 10 14 12 14 17 15 17 10 21 19 19 24 27 26 27 22 
2 6 2 5 3 0 6 6 10 8 6 13 14 6 16 14 16 20 20 17 
2 0 6 6 6 2 6 9 7 12 12 6 6 17 17 17 13 
2 0 2 2 6 4 2 2 8 9 8 
2 0 2 5 2 2 8 6 10 8 2 13 11 17 17 17 13 19 17 19 22 20 
2 0 2 2 
3 3 0 3 3 8 8 5 
4 4 4 0 4 5 9 9 4 11 9 11 14 12 14 17 15 20 20 23 23 23 11 
2 0 2 2 4 10 10 7 7 2 10 10 15 15 12 2 2 22 22 19 19 17 22 23 17 27 25 27 31 31 28 
2 0 2 5 2 2 8 6 13 11 13 13 8 13 6 18 18 15 6 6 26 26 22 25 23 20 31 27 31 31 26 31 35 35 32 
8 8 8 3 8 8 8 33 8 9 12 8 12 12 12 17 15 33 20 33 20 23 21 23 29 29 29 29 33 29 30 33 0 33 37 37 34 
2 0 2 13 8 8 8 13 8 13 13 13 3 17 17 17 2 17 17 
3 3 0 3 3 
2 0 2 3 7 7 4 2 2 9 9 14 14 11 2 17 18 2 18 18 22 26 22 25 23 18 26 
2 0 2 6 6 3 11 10 10 11 6 11 11 15 13 11 16 17 18 24 24 24 24 17 27 27 24 27 30 28 24 34 34 31 
2 3 0 3 8 8 8 3 8 9 12 10 18 16 16 18 16 12 20 18 20 20 22 20 27 27 24 31 31 31 27 33 31 
2 0 2 5 2 2 10 10 10 2 13 13 10 13 14 17 10 19 17 19 22 20 26 26 26 22 26 26 28 
5 5 5 5 0 5 8 5 5 5 13 13 10 5 16 5 20 20 20 16 22 20 22 23 26 22 26 29 26 20 
2 0 4 2 2 11 8 2 8 8 8 11 12 15 13 
2 4 4 0 7 7 4 7 10 8 4 13 4 16 16 13 16 19 17 
2 8 5 5 2 5 2 12 11 11 8 0 12 15 13 15 18 16 
2 0 2 3 2 
2 0 2 5 3 2 2 7 
3 3 5 5 0 7 5 7 10 8 
2 17 4 2 7 7 4 7 8 2 12 2 12 13 12 17 0 19 17 19 
2 0 4 2 4 7 4 11 11 11 2 11 11 
2 0 2 2 6 4 
2 0 2 3 2 9 9 9 2 13 13 13 9 13 
2 0 2 2 6 2 6 
4 4 4 8 6 4 8 0 8 8 8 11 
5 1 5 5 0 5 8 6 8 
2 0 5 5 2 8 8 5 8 12 12 2 12 13 12 15 15 17 
3 3 0 3 3 9 8 9 3 9 15 15 12 12 10 9 16 19 9 19 22 20 19 25 23 28 28 19 
4 4 4 8 4 7 5 0 11 11 8 11 12 11 17 17 14 8 20 8 20 23 21 27 27 27 23 27 31 31 28 33 34 27 
2 7 2 2 7 7 0 7 10 8 10 11 14 12 14 17 7 20 20 7 20 23 21 20 27 27 24 30 30 20 30 30 
2 0 2 2 6 4 
4 4 4 0 4 4 6 7 10 7 
22 1 4 2 6 22 6 9 7 11 6 13 11 11 17 17 14 17 18 22 22 0 22 22 27 27 24 
2 6 2 5 6 0 6 6 10 6 10 10 14 12 14 14 18 16 
2 7 4 2 7 7 0 7 7 7 12 10 27 15 27 15 19 19 16 19 20 21 21 21 26 21 7 29 27 31 29 31 35 35 32 
4 3 4 0 4 7 5 4 8 9 10 10 23 23 16 23 16 21 21 21 17 23 24 9 24 24 29 29 26 4 32 34 34 4 34 35 35 
4 4 4 0 4 7 4 4 10 4 4 13 14 4 14 14 19 19 20 14 22 20 
0 1 4 1 4 5 8 4 
0 1 4 2 
2 0 2 3 2 7 5 2 14 14 14 14 14 2 16 14 
3 3 5 5 0 9 6 7 5 9 9 14 14 11 5 17 5 20 20 22 22 17 
3 3 6 6 6 0 6 7 6 12 12 9 14 6 18 18 18 6 18 19 18 18 24 22 
2 0 2 5 2 8 8 9 2 9 12 13 9 13 
2 9 4 2 9 8 8 9 0 9 12 15 15 15 9 15 15 19 17 19 20 
6 1 4 1 6 0 9 9 6 6 14 13 14 10 
3 3 0 3 3 7 5 3 3 11 9 
2 0 4 2 
3 3 14 6 6 3 6 9 7 11 14 14 14 0 14 14 19 19 16 19 22 20 
2 0 4 2 
0 4 4 1 4 5 8 1 1 11 12 9 12 15 13 15 18 16 12 22 22 23 12 23 24 24 29 29 23 32 32 23 36 33 33 32 38 36 38 32 43 43 32 43 46 43 23 49 1 1 52 54 54 1 
3 3 0 5 3 5 8 5 5 5 12 10 12 15 13 18 18 12 18 21 18 21 
2 0 2 3 4 7 5 7 
4 4 4 0 6 4 6 7 10 6 16 14 14 16 16 4 16 17 18 17 17 23 21 29 26 29 29 29 23 29 30 
3 3 9 3 3 5 9 9 0 13 13 13 9 16 16 13 16 19 17 
5 1 2 2 0 5 5 9 7 5 5 11 11 15 13 15 18 16 5 5 
8 3 1 3 7 7 8 0 8 8 12 10 12 15 13 19 18 19 8 19 19 21 21 19 26 24 26 
9 3 1 5 9 5 8 6 0 9 9 18 14 12 14 17 15 9 18 18 20 
3 3 0 5 3 7 5 3 3 11 9 
6 1 5 5 1 13 6 7 13 13 10 10 18 18 18 15 15 0 
2 4 4 0 6 4 9 9 6 11 6 11 14 15 11 18 18 11 18 19 23 23 20 18 18 27 25 27 28 
4 1 4 0 4 4 4 7 4 9 
11 3 9 3 9 9 6 9 1 11 0 11 11 11 16 14 16 20 20 17 
2 0 5 5 2 7 5 7 8 9 16 14 14 15 9 15 2 20 20 2 20 31 24 27 24 25 31 29 31 31 20 31 34 32 38 37 38 31 38 41 42 38 
2 0 5 5 2 7 5 7 
0 1 1 1 4 4 6 9 6 4 4 13 11 
4 1 1 5 0 5 8 5 
4 4 4 6 6 0 6 10 10 7 6 14 14 24 16 17 14 17 18 21 19 21 24 6 24 25 24 29 27 32 32 34 34 29 36 37 38 34 
5 5 5 5 0 7 5 7 10 8 16 14 14 16 16 5 22 19 22 22 22 16 5 25 5 25 25 29 25 25 32 30 32 33 30 
5 1 1 3 0 5 5 7 5 11 9 11 14 11 
8 6 6 6 6 8 8 0 8 8 13 13 10 
4 4 4 0 4 5 4 
2 6 6 6 6 0 6 9 7 
3 1 0 3 4 
2 5 2 3 13 7 5 7 8 11 13 13 0 13 
9 8 8 5 8 7 8 9 0 9 10 14 14 11 
2 0 4 2 4 7 5 
2 0 2 3 4 3 11 11 11 11 6 11 12 13 14 17 14 
2 0 2 2 
2 0 2 2 
5 5 5 5 0 5 6 6 8 5 12 5 12 16 16 12 22 19 22 22 22 16 25 25 22 
2 3 0 3 3 
2 0 4 2 
2 0 4 2 4 7 5 
3 3 0 3 3 3 9 9 11 11 3 11 12 16 16 11 19 19 16 16 20 
2 0 8 5 8 8 8 2 8 9 12 10 14 8 14 17 15 20 20 17 
2 0 4 2 4 2 8 2 8 11 9 9 14 12 
2 6 5 5 2 15 8 6 11 11 8 13 11 15 0 15 15 17 18 17 22 20 
2 0 2 6 6 2 9 9 2 11 9 11 14 12 17 17 11 17 20 18 2 2 25 25 22 2 28 2 
3 3 0 3 4 4 8 4 8 11 8 
6 1 5 5 6 0 6 6 11 11 8 21 15 15 16 11 16 19 16 16 16 21 22 22 22 29 29 29 25 
2 9 2 2 7 7 4 9 0 9 9 9 12 16 16 13 12 12 22 21 22 18 22 25 9 27 25 
3 3 0 3 
5 5 5 5 0 
3 3 0 3 3 8 8 3 
5 1 2 5 0 5 8 6 12 12 12 5 12 15 13 15 20 20 20 16 24 24 24 15 24 25 25 24 31 31 28 
2 0 4 2 4 5 8 6 4 4 10 11 14 12 
3 3 0 3 7 7 3 9 10 3 10 14 14 11 3 15 18 16 
7 3 1 1 4 7 0 7 8 8 8 11 14 12 14 17 15 17 18 
2 19 2 3 6 4 6 9 7 9 13 13 3 15 13 15 19 19 0 19 20 21 29 29 24 28 28 24 20 29 
2 25 2 2 2 7 2 7 7 9 18 13 24 15 16 13 13 13 18 19 22 20 24 25 0 
9 3 1 3 4 7 3 9 0 9 12 10 10 15 10 18 18 15 21 21 18 23 21 26 26 23 29 29 9 9 32 9 32 33 
4 4 4 14 4 5 5 7 12 12 12 4 14 0 14 17 14 14 18 
6 6 4 2 6 0 6 7 
13 4 4 1 7 7 13 10 10 7 10 13 0 13 13 18 18 13 22 22 22 18 22 23 24 30 28 24 30 28 
6 1 2 3 6 0 6 9 7 12 12 9 12 15 12 15 20 20 18 16 
6 6 4 2 6 0 6 6 6 
7 3 1 3 4 7 0 7 11 11 7 7 7 13 13 17 15 23 21 21 23 23 13 26 26 23 26 27 26 31 29 
2 0 2 5 3 2 9 9 6 12 12 9 14 12 12 17 15 2 20 21 2 21 24 21 24 24 
3 3 0 3 9 8 8 9 4 14 14 14 14 3 14 14 18 3 20 3 20 27 26 26 26 27 20 27 
2 0 4 2 2 2 6 9 7 
3 3 0 3 3 5 8 5 3 11 12 3 12 16 16 12 16 12 20 12 22 20 20 27 26 24 20 27 31 31 28 
3 3 4 0 4 7 8 4 8 11 9 8 8 13 14 13 18 16 22 22 22 8 22 25 23 25 25 30 30 22 
2 0 4 2 9 9 6 6 11 11 4 14 14 11 2 20 20 19 20 2 
3 3 8 3 8 8 8 0 12 12 12 8 16 16 16 12 12 20 20 17 17 21 24 22 22 28 28 25 
4 4 4 0 4 4 9 9 6 4 12 10 4 4 17 17 14 21 21 21 24 23 24 17 24 27 30 29 30 24 30 35 34 35 31 
3 3 0 3 4 5 6 15 10 15 15 11 12 13 3 15 15 15 22 22 22 18 22 23 24 23 29 29 26 
2 3 8 3 4 3 3 0 
5 5 5 5 0 9 9 9 11 11 5 11 12 11 14 
2 0 2 5 3 7 2 2 10 2 2 13 19 13 13 18 18 15 2 22 22 19 24 22 24 
3 3 7 3 7 7 0 
5 4 4 5 15 15 6 7 10 6 10 11 12 12 0 15 16 19 17 
2 0 7 7 6 7 2 7 10 8 18 14 14 18 14 17 15 2 20 18 18 23 21 23 26 24 
14 3 1 5 3 5 8 5 8 9 13 13 14 0 14 14 18 16 
3 3 11 3 4 8 8 3 10 8 0 11 14 12 17 17 14 17 21 21 18 
2 8 2 5 3 5 6 0 8 8 8 11 14 12 14 15 20 20 20 11 20 23 21 
2 0 5 5 2 5 6 5 10 8 14 13 14 2 14 17 2 20 20 21 17 21 24 22 2 27 28 2 28 
5 3 1 5 0 7 5 7 10 8 10 13 10 13 17 17 13 19 5 22 22 19 22 23 24 24 26 29 26 22 30 30 32 5 37 37 5 
2 3 0 3 7 7 4 3 10 13 10 11 3 13 16 13 13 19 21 21 13 25 25 25 21 25 28 26 21 31 21 31 34 31 34 35 34 39 37 37 42 40 
5 1 4 2 0 7 5 7 8 9 9 
2 8 2 8 4 7 5 0 8 9 8 14 12 8 14 17 15 
2 0 5 5 9 9 9 9 2 9 9 13 2 21 18 18 18 14 18 21 23 23 2 25 23 
2 0 5 5 2 5 6 5 8 2 10 13 11 10 16 14 16 20 20 17 20 21 2 2 30 27 30 30 30 24 30 35 34 35 45 37 35 37 40 38 45 43 45 45 24 45 48 46 48 
2 0 2 2 4 2 2 7 10 8 16 16 15 15 16 7 16 21 21 21 17 
3 3 0 3 
7 4 4 7 4 5 0 7 8 8 
2 0 2 2 4 7 2 2 2 
23 3 1 5 3 5 6 9 7 5 12 13 10 15 23 15 16 15 21 21 15 23 0 23 24 
4 1 4 28 4 5 5 28 11 11 28 11 14 12 11 17 19 19 11 19 19 21 21 19 24 25 28 0 28 29 33 33 28 33 39 37 39 37 33 39 42 40 39 47 47 47 43 54 48 51 47 54 54 51 54 57 55 
2 0 2 2 7 7 10 10 10 2 10 2 12 16 16 12 16 
6 6 2 2 6 0 6 10 10 6 6 6 12 12 14 
2 0 4 2 4 4 6 
4 4 4 0 
2 5 2 5 0 
0 1 1 6 6 3 
2 3 0 3 7 7 3 7 8 3 12 3 12 12 23 17 15 19 17 21 19 23 12 25 23 25 23 29 30 23 32 30 
2 0 2 3 7 7 4 2 2 9 12 10 15 15 9 17 15 21 21 21 17 24 24 21 24 
4 4 4 0 6 4 6 
2 0 4 2 4 4 2 9 2 9 9 14 12 9 14 14 19 19 16 19 22 9 25 25 9 25 25 31 30 31 25 31 
3 3 0 5 3 5 8 6 10 8 10 13 11 8 14 14 18 16 
2 4 4 0 6 4 4 9 7 4 12 10 12 13 16 12 16 17 16 16 20 23 20 23 23 28 28 25 
2 3 0 3 7 7 3 7 
2 0 2 7 7 7 3 10 10 7 12 10 16 16 16 2 16 21 21 21 17 23 21 23 24 21 29 29 33 29 32 29 36 35 36 2 36 39 37 39 39 41 44 41 
4 3 4 10 4 4 4 4 10 0 12 10 14 12 14 15 15 19 17 19 20 21 21 19 24 25 
3 3 18 3 4 9 8 9 5 9 12 10 3 13 18 18 18 0 18 22 22 18 22 25 23 
4 4 4 10 8 7 8 4 10 0 13 11 10 
4 4 4 0 4 4 10 10 10 4 10 10 16 15 16 12 10 21 20 21 10 21 21 25 23 21 
3 3 11 3 7 7 4 9 10 7 0 13 11 13 16 14 16 17 
3 3 0 6 6 3 18 9 3 9 12 10 12 13 9 18 18 9 18 19 19 
4 1 4 0 4 8 8 4 8 8 12 10 12 15 13 
3 3 0 5 3 7 3 
10 3 4 15 6 4 4 9 10 4 13 13 10 15 0 18 18 15 18 21 18 
4 3 4 0 4 4 8 10 8 6 12 10 12 15 12 
2 3 0 3 
2 0 4 2 4 7 5 4 8 8 10 13 10 15 16 17 8 
5 3 1 5 0 5 6 5 
2 0 5 5 2 2 9 9 6 9 12 10 2 13 16 14 16 20 20 16 25 23 25 25 20 
2 0 4 2 4 8 8 5 16 11 16 11 15 15 16 4 16 19 17 19 20 
2 0 8 8 6 8 8 2 8 8 12 8 14 12 17 17 12 
2 0 2 2 2 9 9 9 5 11 9 11 11 9 14 14 20 20 20 16 14 25 25 25 21 
2 3 0 3 3 5 3 10 10 19 12 10 12 12 10 17 15 19 3 21 19 23 21 21 28 28 28 24 31 31 21 31 32 33 34 37 35 
2 10 2 5 3 5 6 10 10 0 10 10 15 15 12 10 10 19 17 19 23 23 19 23 24 27 25 
4 4 4 6 6 0 6 9 12 9 10 6 12 16 16 13 
2 5 5 3 0 5 5 9 7 
2 0 2 2 7 7 4 11 10 11 7 2 2 13 13 
3 3 5 5 24 5 5 9 7 5 12 5 12 15 13 18 18 24 18 22 22 18 24 0 24 24 
7 4 4 1 6 7 0 9 7 7 7 11 14 15 18 17 18 11 18 21 22 11 26 23 23 22 
3 3 0 5 3 10 10 9 10 5 12 10 12 15 13 3 28 19 49 19 20 19 19 26 26 23 19 19 30 28 30 30 30 35 33 30 39 39 30 39 40 40 42 40 46 44 48 49 3 52 52 49 52 56 56 53 
2 17 2 2 6 4 6 10 10 17 10 13 10 13 13 17 0 17 24 21 24 24 24 17 27 27 24 
2 0 4 2 
2 0 2 2 6 4 6 9 7 
2 0 4 2 2 2 8 2 
2 0 2 6 6 3 
2 0 2 6 6 3 2 9 7 9 9 13 11 2 2 15 19 19 15 
2 7 6 5 6 7 0 7 7 7 12 10 15 15 12 19 19 19 12 21 19 
2 0 2 2 7 7 2 9 7 11 9 9 2 2 2 
5 5 5 5 21 8 8 5 8 11 9 8 8 16 16 13 21 21 21 21 0 21 25 25 21 21 
2 0 2 5 3 
2 0 2 3 6 4 
2 3 0 5 3 
3 1 0 5 3 5 6 7 7 
2 0 6 6 6 2 8 9 6 11 9 13 14 11 14 14 
2 4 4 0 6 4 4 4 4 11 12 9 9 13 
4 1 4 0 7 7 4 4 8 14 10 13 11 4 18 18 18 14 21 21 18 
3 3 0 5 3 8 8 3 8 9 10 13 11 15 13 17 15 15 18 15 22 20 22 25 3 3 30 30 30 3 30 34 34 31 34 
2 7 2 5 3 7 20 7 8 11 9 13 7 15 13 18 18 20 20 0 22 20 22 26 26 22 
2 0 4 2 4 5 2 2 10 8 12 10 10 10 14 14 18 16 
2 0 2 3 6 2 
6 3 1 5 6 0 6 6 10 8 6 11 14 11 
2 0 2 2 6 4 2 7 11 11 8 14 14 7 17 17 14 17 18 19 20 2 2 23 26 23 
2 0 4 2 4 7 4 9 7 9 9 13 11 17 17 17 19 19 2 22 22 19 
2 6 4 2 4 0 20 9 6 9 10 9 12 9 14 18 18 15 9 9 20 23 21 
3 3 5 5 0 5 5 9 7 9 10 
8 8 4 2 2 5 8 0 
2 0 4 2 6 2 12 9 12 12 12 6 2 16 16 23 16 19 16 19 20 23 2 26 26 23 26 26 
2 0 5 5 2 8 8 5 2 11 2 13 11 15 13 
2 4 4 0 6 4 4 9 7 9 10 4 12 13 
2 0 7 5 7 7 2 9 7 12 12 2 2 13 
2 6 2 5 3 0 6 6 11 11 16 13 11 15 16 6 16 17 
3 3 8 6 6 3 8 18 10 13 10 11 8 15 8 15 18 0 18 19 18 23 21 
2 18 11 11 6 4 6 9 7 11 2 11 15 15 12 18 18 0 18 
3 3 9 5 3 7 9 9 0 9 9 13 9 13 14 17 15 13 20 18 
6 1 4 2 6 0 8 6 6 6 12 13 10 13 14 14 13 13 20 18 
2 14 2 5 3 3 3 9 7 11 2 14 14 0 14 18 18 14 18 21 19 21 
2 0 2 5 2 2 8 6 
2 0 4 2 4 7 5 4 8 11 9 8 8 13 16 14 
2 0 2 5 2 2 6 2 
3 3 0 3 6 3 9 9 6 11 9 13 11 13 14 13 11 19 17 19 
2 0 2 7 6 7 3 
2 4 4 0 4 5 9 9 4 9 9 11 4 15 4 15 18 15 20 18 20 21 
2 0 4 2 7 7 4 4 8 9 10 
2 0 2 5 3 5 8 5 2 9 9 13 11 9 9 17 15 
3 3 0 5 3 3 3 7 10 8 14 14 14 7 14 17 15 17 20 18 
2 0 2 2 7 7 4 2 2 9 9 15 15 15 9 
6 4 4 1 6 0 9 9 6 9 12 9 12 13 13 
3 3 0 3 4 7 3 
2 0 2 5 2 
2 5 5 5 0 5 6 5 10 5 10 
2 3 0 3 3 
5 4 4 1 0 8 8 5 8 8 5 11 
0 3 1 1 4 7 1 7 8 1 10 11 12 
3 3 0 5 3 5 6 7 7 
3 3 0 8 8 5 8 3 8 9 12 10 
2 0 2 2 4 5 
2 0 2 5 3 7 5 2 10 8 8 8 14 8 14 14 16 
2 0 5 5 2 8 8 5 8 11 8 8 15 15 12 
2 8 2 3 7 7 8 0 8 9 8 13 8 15 13 15 15 19 17 15 22 20 
2 0 2 2 4 
19 5 4 5 19 5 8 9 5 9 9 9 12 13 16 14 18 19 0 21 19 21 19 25 19 25 28 26 25 33 33 33 29 
2 3 11 5 3 3 8 6 11 11 0 11 11 11 11 15 18 15 18 22 22 19 
3 3 0 3 6 3 
0 8 4 8 4 7 5 52 10 8 8 8 12 16 16 13 12 8 21 21 8 23 21 23 23 21 28 21 28 31 28 31 31 28 36 34 28 40 40 28 44 41 41 28 44 47 44 47 50 48 44 55 52 55 1 
2 0 2 5 3 
3 3 11 3 6 4 3 9 7 11 0 13 14 11 14 18 18 14 18 19 20 21 22 21 27 27 24 
2 0 4 2 4 7 8 5 12 12 12 8 12 13 12 17 2 2 20 18 22 18 24 25 22 
2 5 5 5 0 5 5 7 
2 4 4 0 7 7 4 7 10 8 10 14 14 10 
2 3 0 3 7 7 4 3 10 3 10 10 10 10 14 17 14 20 20 21 17 21 17 10 10 
2 0 4 2 4 5 4 4 10 8 2 13 2 13 16 17 13 13 22 22 22 13 22 23 28 28 28 30 30 22 32 30 32 35 32 
2 0 2 2 2 7 5 2 10 8 
2 3 0 3 4 3 8 6 
2 0 2 5 2 2 2 7 7 7 10 10 
7 1 6 5 6 2 0 7 8 11 9 9 14 12 9 17 9 17 9 21 19 
8 3 1 3 4 5 8 0 8 14 14 14 14 9 8 17 15 8 18 22 22 19 8 27 27 27 23 29 27 29 29 35 35 35 31 37 27 37 41 41 37 
6 6 6 6 6 0 6 14 14 9 10 13 10 7 6 15 16 17 18 15 22 20 22 25 23 
3 3 40 3 3 8 8 5 3 12 12 15 14 12 3 17 15 17 17 19 17 17 22 25 23 15 29 29 34 29 33 33 30 15 34 39 39 39 40 0 40 40 44 42 
2 0 2 5 2 5 6 10 10 2 10 11 12 10 17 17 14 19 2 19 22 20 22 25 23 22 29 29 26 32 32 19 32 32 34 32 
0 4 4 1 6 1 6 9 6 9 14 14 14 9 6 19 19 19 6 19 22 20 19 26 26 19 26 29 26 26 33 33 30 26 36 26 36 39 37 39 40 43 41 40 46 44 
2 0 2 3 4 7 8 3 8 11 9 11 15 15 12 17 18 3 18 19 20 20 25 25 22 25 28 26 33 33 33 33 28 33 34 33 38 41 41 39 36 
2 22 2 7 7 7 2 9 7 9 12 10 14 22 14 14 14 17 17 19 19 0 22 22 22 28 28 22 30 28 30 31 34 30 37 37 34 37 40 38 
5 5 4 5 11 5 5 9 11 11 42 13 14 11 14 17 15 17 23 23 23 23 18 23 26 24 23 30 30 27 32 30 35 35 32 35 39 39 35 42 42 0 42 42 44 47 42 47 48 
2 5 5 5 0 5 10 9 10 6 
2 0 2 2 7 7 4 7 10 8 12 13 7 15 13 13 16 16 13 19 24 24 24 20 24 28 28 24 
11 3 1 6 6 11 6 9 7 11 0 11 14 12 11 17 15 20 18 17 23 23 20 23 28 28 28 24 
2 8 4 2 4 7 5 0 8 8 10 
4 3 4 0 4 4 10 10 10 6 
4 3 4 0 6 9 9 7 4 4 12 13 4 
7 1 4 1 6 7 0 7 8 9 8 11 7 13 16 14 7 17 18 
25 16 5 5 9 5 8 6 25 9 12 10 9 15 16 9 19 19 16 16 20 23 21 25 0 27 25 29 27 
2 0 4 2 7 7 4 10 10 7 14 14 14 4 21 21 21 21 21 21 14 21 
3 3 0 5 3 5 5 7 5 12 12 5 17 17 14 14 19 19 12 21 19 19 
2 0 4 2 2 2 6 7 7 12 12 7 12 13 14 12 19 19 12 19 19 21 2 25 2 27 25 25 25 32 32 29 
3 3 0 5 3 5 3 9 3 9 12 10 12 16 16 13 18 19 12 21 22 19 24 26 26 12 26 30 30 27 32 36 36 36 36 9 36 40 40 37 40 43 41 
4 4 4 6 6 0 6 6 8 12 12 6 12 13 16 14 
2 0 2 6 6 2 6 11 11 11 7 11 14 12 14 17 15 2 20 2 22 20 22 
6 4 4 1 6 17 9 9 12 12 12 6 14 12 17 17 0 17 21 21 17 17 17 17 24 27 24 27 
7 3 7 6 6 3 0 7 7 
2 0 4 2 4 5 6 9 4 13 13 13 9 
2 0 4 2 4 9 9 9 4 
3 3 5 5 0 
12 4 4 1 4 5 6 4 10 4 12 0 12 
2 7 4 2 4 7 0 9 7 
3 3 0 3 4 5 3 9 7 3 14 14 14 10 16 17 20 19 20 3 22 20 26 26 26 3 26 26 30 31 3 31 31 33 33 31 36 36 41 41 38 
4 4 4 11 4 7 4 7 8 11 0 11 11 13 14 17 15 17 21 21 18 
3 3 0 3 3 3 6 6 8 11 8 
2 0 2 3 2 7 5 2 10 2 13 13 10 13 13 18 18 15 
2 0 4 2 4 2 8 2 10 8 8 11 8 8 16 14 
2 0 2 3 6 3 6 10 10 11 13 13 1 13 16 13 18 16 
2 0 2 2 
2 3 0 5 3 5 6 
2 0 2 2 6 4 11 11 11 11 2 11 2 2 16 2 19 19 16 
2 0 2 6 6 3 3 11 11 11 7 14 14 11 11 15 15 
2 0 2 5 2 5 5 
2 8 4 2 2 5 5 0 8 8 10 10 8 15 8 15 16 19 17 19 23 23 19 23 27 27 23 29 27 29 29 15 15 35 36 33 36 39 36 42 42 39 
2 7 2 2 4 7 0 7 10 7 13 13 7 13 19 19 19 19 13 19 22 20 
3 3 0 3 7 7 4 9 3 12 12 9 16 16 16 9 16 19 17 19 23 23 20 16 
0 14 2 5 16 5 5 10 10 5 16 11 14 12 16 1 18 16 18 19 
10 1 5 5 2 5 8 6 10 27 12 10 10 16 16 13 10 17 18 21 19 18 18 23 27 27 0 27 30 27 30 31 31 30 34 37 35 39 30 39 42 40 27 47 47 47 27 49 47 49 50 54 54 49 
5 5 5 5 0 7 5 7 5 11 5 11 15 15 11 15 18 16 
2 0 5 5 2 2 8 6 16 13 13 13 16 13 14 2 16 17 20 16 25 25 25 25 20 27 25 27 30 27 27 31 31 27 36 34 27 39 27 39 40 41 41 45 43 
2 5 5 5 0 8 8 5 5 5 5 13 14 11 14 18 18 15 
4 4 4 6 6 0 
3 3 0 6 6 3 9 9 6 9 10 13 11 13 16 14 9 19 9 21 9 25 24 25 21 25 
17 4 4 1 8 7 8 17 8 11 12 8 12 15 13 17 0 17 17 17 20 25 25 25 21 25 28 26 30 20 
17 4 4 1 7 7 17 7 8 11 9 8 14 12 14 15 0 17 17 17 22 20 17 25 17 25 25 29 27 27 27 33 31 
3 3 0 3 4 7 5 3 3 9 9 13 11 
7 1 6 6 6 2 0 7 8 7 12 7 14 15 12 15 20 20 20 16 20 23 21 23 26 24 
10 5 4 5 10 5 9 9 10 0 12 10 12 17 17 17 10 17 18 22 22 19 22 25 22 25 25 29 27 33 33 33 10 33 37 37 34 
3 3 13 5 3 8 8 5 8 8 3 13 0 
3 3 0 3 4 3 8 6 8 8 8 14 14 11 
9 5 5 5 1 9 9 9 0 11 9 9 14 12 14 17 15 9 18 22 22 19 25 25 22 25 25 18 28 29 18 34 34 31 34 35 18 37 38 39 42 40 42 43 
13 4 4 13 4 4 6 11 11 11 7 13 0 13 14 13 13 21 21 21 17 21 25 25 21 25 28 26 28 31 13 
3 3 0 6 6 3 6 10 10 7 3 13 16 16 16 3 18 16 23 23 23 23 18 25 23 25 
4 4 4 0 7 7 4 7 7 9 12 7 12 16 16 13 16 19 17 27 23 23 27 23 26 24 19 27 27 31 29 
2 0 2 6 6 3 9 9 6 14 14 11 12 9 14 15 
2 0 2 2 2 7 2 7 11 11 7 11 11 13 16 13 13 7 
3 3 0 3 3 5 8 6 3 9 9 9 14 12 
